0 0.328472222222222 0.958333333333333 0.0625 0.083333333333333
0 0.975694444444444 0.955208333333333 0.048611111111111 0.089583333333333
0 0.753472222222222 0.873958333333333 0.090277777777778 0.06875
0 0.916666666666667 0.852083333333333 0.047222222222222 0.054166666666667
0 0.834722222222222 0.840625 0.055555555555556 0.047916666666667
0 0.030555555555556 0.8125 0.061111111111111 0.0625
0 0.477083333333333 0.885416666666667 0.284722222222222 0.229166666666667
0 0.272222222222222 0.792708333333333 0.083333333333333 0.060416666666667
0 0.102777777777778 0.79375 0.077777777777778 0.079166666666667
0 0.715972222222222 0.747916666666667 0.034722222222222 0.041666666666667
0 0.450694444444444 0.709375 0.065277777777778 0.060416666666667
0 0.871527777777778 0.705208333333333 0.256944444444444 0.10625
0 0.113888888888889 0.669791666666667 0.036111111111111 0.039583333333333
0 0.33125 0.652083333333333 0.023611111111111 0.033333333333333
0 0.735416666666667 0.666666666666667 0.073611111111111 0.079166666666667
0 0.177777777777778 0.667708333333333 0.058333333333333 0.08125
0 0.509722222222222 0.635416666666667 0.055555555555556 0.045833333333333
0 0.858333333333333 0.604166666666667 0.022222222222222 0.033333333333333
0 0.361111111111111 0.622916666666667 0.066666666666667 0.079166666666667
0 0.591666666666667 0.597916666666667 0.055555555555556 0.05
0 0.152777777777778 0.575 0.088888888888889 0.066666666666667
0 0.359722222222222 0.496875 0.116666666666667 0.127083333333333
0 0.753472222222222 0.458333333333333 0.090277777777778 0.075
0 0.929861111111111 0.476041666666667 0.140277777777778 0.114583333333333
0 0.535416666666667 0.469791666666667 0.1125 0.135416666666667