0 0.3 0.920833333333333 0.127777777777778 0.158333333333333
0 0.011111111111111 0.772916666666667 0.022222222222222 0.1
0 0.810416666666667 0.816666666666667 0.379166666666667 0.366666666666667
0 0.213888888888889 0.672916666666667 0.072222222222222 0.0875
0 0.377083333333333 0.6875 0.126388888888889 0.129166666666667
0 0.123611111111111 0.623958333333333 0.094444444444445 0.10625
0 0.747222222222222 0.491666666666667 0.058333333333333 0.070833333333333
0 0.29375 0.464583333333333 0.029166666666667 0.033333333333333
0 0.088194444444445 0.485416666666667 0.065277777777778 0.0875
0 0.778472222222222 0.451041666666667 0.034722222222222 0.04375
0 0.845138888888889 0.44375 0.031944444444445 0.0375
0 0.796527777777778 0.279166666666667 0.048611111111111 0.05
0 0.802083333333333 0.16875 0.051388888888889 0.083333333333333
0 0.213888888888889 0.116666666666667 0.022222222222222 0.033333333333333
0 0.527083333333333 0.18125 0.243055555555556 0.3625