0 0.265277777777778 0.966666666666667 0.063888888888889 0.066666666666667
0 0.739583333333333 0.946875 0.145833333333333 0.10625
0 0.421527777777778 0.867708333333333 0.1875 0.15625
0 0.33125 0.825 0.0625 0.079166666666667
0 0.547916666666667 0.811458333333333 0.073611111111111 0.102083333333333
0 0.875 0.81875 0.130555555555556 0.125
0 0.474305555555556 0.710416666666667 0.068055555555556 0.070833333333333
0 0.351388888888889 0.698958333333333 0.036111111111111 0.052083333333333
0 0.254861111111111 0.71875 0.054166666666667 0.091666666666667
0 0.775694444444444 0.704166666666667 0.095833333333333 0.1125
0 0.424305555555556 0.652083333333333 0.045833333333333 0.041666666666667
0 0.072222222222222 0.708333333333333 0.133333333333333 0.179166666666667
0 0.623611111111111 0.641666666666667 0.066666666666667 0.066666666666667
0 0.595138888888889 0.576041666666667 0.054166666666667 0.052083333333333
0 0.738194444444444 0.533333333333333 0.0375 0.041666666666667
0 0.798611111111111 0.535416666666667 0.05 0.05
0 0.786805555555556 0.476041666666667 0.029166666666667 0.04375
0 0.70625 0.45625 0.0375 0.054166666666667
0 0.889583333333333 0.476041666666667 0.1125 0.13125
0 0.396527777777778 0.423958333333333 0.051388888888889 0.06875
0 0.471527777777778 0.342708333333333 0.070833333333333 0.072916666666667