0 0.989583333333333 0.827083333333333 0.020833333333333 0.045833333333333
0 0.955555555555556 0.835416666666667 0.055555555555556 0.079166666666667
0 0.827083333333333 0.765625 0.056944444444445 0.13125
0 0.573611111111111 0.680208333333333 0.072222222222222 0.05625
0 0.775694444444444 0.609375 0.043055555555556 0.05625
0 0.644444444444444 0.538541666666667 0.075 0.060416666666667
0 0.215972222222222 0.533333333333333 0.079166666666667 0.070833333333333
0 0.531944444444444 0.508333333333333 0.038888888888889 0.041666666666667
0 0.104166666666667 0.513541666666667 0.075 0.052083333333333
0 0.011805555555556 0.510416666666667 0.023611111111111 0.05
0 0.126388888888889 0.426041666666667 0.047222222222222 0.05625
0 0.019444444444445 0.391666666666667 0.038888888888889 0.041666666666667
0 0.085416666666667 0.38125 0.048611111111111 0.0375
0 0.566666666666667 0.377083333333333 0.022222222222222 0.033333333333333
0 0.492361111111111 0.369791666666667 0.026388888888889 0.035416666666667
0 0.324305555555556 0.375 0.043055555555556 0.075
0 0.014583333333333 0.330208333333333 0.029166666666667 0.04375