0 0.117361111111111 0.9875 0.051388888888889 0.025
0 0.259722222222222 0.844791666666667 0.125 0.29375
0 0.992361111111111 0.651041666666667 0.015277777777778 0.05625
0 0.006944444444444 0.640625 0.013888888888889 0.035416666666667
0 0.561111111111111 0.622916666666667 0.075 0.0625
0 0.681944444444444 0.51875 0.022222222222222 0.033333333333333
0 0.145833333333333 0.520833333333333 0.061111111111111 0.045833333333333
0 0.033333333333333 0.433333333333333 0.044444444444445 0.045833333333333
0 0.386805555555556 0.414583333333333 0.034722222222222 0.0375
0 0.455555555555556 0.36875 0.022222222222222 0.033333333333333
0 0.969444444444444 0.328125 0.061111111111111 0.097916666666667
0 0.006944444444444 0.255208333333333 0.013888888888889 0.039583333333333
0 0.876388888888889 0.261458333333333 0.077777777777778 0.114583333333333
0 0.695833333333333 0.20625 0.1 0.075
0 0.505555555555556 0.141666666666667 0.061111111111111 0.079166666666667
0 0.039583333333333 0.11875 0.0375 0.0375
0 0.384722222222222 0.123958333333333 0.069444444444445 0.085416666666667
0 0.159722222222222 0.116666666666667 0.119444444444444 0.125