0 0.066666666666667 0.982291666666667 0.102777777777778 0.035416666666667
0 0.010416666666667 0.947916666666667 0.020833333333333 0.104166666666667
0 0.200694444444444 0.860416666666667 0.131944444444444 0.279166666666667
0 0.066666666666667 0.690625 0.063888888888889 0.060416666666667
0 0.009027777777778 0.611458333333333 0.018055555555556 0.039583333333333
0 0.163888888888889 0.64375 0.130555555555556 0.108333333333333
0 0.215277777777778 0.525 0.027777777777778 0.0375
0 0.054861111111111 0.530208333333333 0.056944444444445 0.06875
0 0.361805555555556 0.505208333333333 0.045833333333333 0.047916666666667
0 0.030555555555556 0.466666666666667 0.022222222222222 0.033333333333333
0 0.655555555555556 0.433333333333333 0.041666666666667 0.041666666666667
0 0.216666666666667 0.426041666666667 0.041666666666667 0.047916666666667
0 0.634027777777778 0.690625 0.731944444444444 0.61875
0 0.779861111111111 0.353125 0.023611111111111 0.035416666666667
0 0.440972222222222 0.353125 0.0375 0.039583333333333
0 0.536805555555556 0.425 0.281944444444444 0.208333333333333
0 0.947916666666667 0.190625 0.043055555555556 0.047916666666667
0 0.219444444444444 0.223958333333333 0.133333333333333 0.20625