0 0.871527777777778 0.955208333333333 0.026388888888889 0.04375
0 0.749305555555556 0.772916666666667 0.026388888888889 0.033333333333333
0 0.173611111111111 0.682291666666667 0.052777777777778 0.05625
0 0.325694444444444 0.657291666666667 0.029166666666667 0.039583333333333
0 0.15 0.610416666666667 0.052777777777778 0.05
0 0.233333333333333 0.609375 0.047222222222222 0.052083333333333
0 0.129861111111111 0.529166666666667 0.034722222222222 0.0375
0 0.263194444444444 0.502083333333333 0.023611111111111 0.033333333333333
0 0.104861111111111 0.429166666666667 0.023611111111111 0.033333333333333
0 0.638888888888889 0.420833333333333 0.025 0.0375
0 0.440972222222222 0.4375 0.095833333333333 0.0875
0 0.121527777777778 0.2875 0.0625 0.083333333333333