0 0.872222222222222 0.939583333333333 0.022222222222222 0.033333333333333
0 0.238194444444444 0.95625 0.154166666666667 0.0875
0 0.5 0.905208333333333 0.022222222222222 0.035416666666667
0 0.906944444444444 0.904166666666667 0.055555555555556 0.066666666666667
0 0.769444444444444 0.844791666666667 0.116666666666667 0.089583333333333
0 0.776388888888889 0.777083333333333 0.027777777777778 0.0375
0 0.3375 0.8125 0.1 0.108333333333333
0 0.604861111111111 0.769791666666667 0.070833333333333 0.060416666666667
0 0.706944444444444 0.722916666666667 0.041666666666667 0.066666666666667
0 0.139583333333333 0.746875 0.098611111111111 0.13125
0 0.204861111111111 0.652083333333333 0.056944444444445 0.066666666666667
0 0.442361111111111 0.635416666666667 0.051388888888889 0.058333333333333
0 0.320833333333333 0.6 0.041666666666667 0.05
0 0.347916666666667 0.554166666666667 0.026388888888889 0.041666666666667
0 0.049305555555556 0.519791666666667 0.029166666666667 0.039583333333333
0 0.374305555555556 0.46875 0.026388888888889 0.041666666666667
0 0.559722222222222 0.453125 0.127777777777778 0.11875
0 0.016666666666667 0.316666666666667 0.022222222222222 0.033333333333333