0 0.292361111111111 0.879166666666667 0.198611111111111 0.158333333333333
0 0.669444444444444 0.8375 0.136111111111111 0.1375
0 0.930555555555556 0.761458333333333 0.063888888888889 0.085416666666667
0 0.865972222222222 0.698958333333333 0.059722222222222 0.05625
0 0.954861111111111 0.688541666666667 0.051388888888889 0.05625
0 0.584027777777778 0.688541666666667 0.106944444444444 0.097916666666667
0 0.289583333333333 0.619791666666667 0.084722222222222 0.06875
0 0.786805555555556 0.58125 0.056944444444445 0.058333333333333
0 0.825 0.555208333333333 0.033333333333333 0.039583333333333
0 0.667361111111111 0.558333333333333 0.056944444444445 0.054166666666667
0 0.274305555555556 0.526041666666667 0.059722222222222 0.052083333333333
0 0.543055555555555 0.504166666666667 0.047222222222222 0.0375
0 0.457638888888889 0.511458333333333 0.059722222222222 0.060416666666667
0 0.048611111111111 0.484375 0.05 0.052083333333333
0 0.230555555555556 0.465625 0.069444444444445 0.06875
0 0.559722222222222 0.39375 0.025 0.05
0 0.163888888888889 0.352083333333333 0.025 0.033333333333333
0 0.716666666666667 0.296875 0.083333333333333 0.127083333333333