0 0.920138888888889 0.9875 0.045833333333333 0.025
0 0.677777777777778 0.985416666666667 0.044444444444445 0.029166666666667
0 0.763194444444444 0.977083333333333 0.073611111111111 0.045833333333333
0 0.360416666666667 0.9375 0.065277777777778 0.075
0 0.538888888888889 0.928125 0.144444444444444 0.127083333333333
0 0.7875 0.885416666666667 0.102777777777778 0.0625
0 0.134027777777778 0.90625 0.218055555555556 0.1875
0 0.420138888888889 0.815625 0.023611111111111 0.035416666666667
0 0.784027777777778 0.770833333333333 0.029166666666667 0.0375
0 0.163888888888889 0.741666666666667 0.094444444444445 0.0875
0 0.063194444444445 0.715625 0.034722222222222 0.039583333333333
0 0.316666666666667 0.675 0.025 0.033333333333333
0 0.486805555555556 0.760416666666667 0.229166666666667 0.2375
0 0.16875 0.64375 0.043055555555556 0.0625
0 0.125 0.610416666666667 0.030555555555556 0.05
0 0.181944444444444 0.577083333333333 0.041666666666667 0.045833333333333
0 0.041666666666667 0.578125 0.05 0.06875
0 0.397222222222222 0.552083333333333 0.044444444444445 0.05
0 0.074305555555556 0.526041666666667 0.043055555555556 0.060416666666667
0 0.172916666666667 0.49375 0.029166666666667 0.045833333333333
0 0.0875 0.464583333333333 0.030555555555556 0.041666666666667
0 0.038194444444445 0.457291666666667 0.026388888888889 0.035416666666667
0 0.023611111111111 0.3875 0.027777777777778 0.033333333333333