0 0.845833333333333 0.846875 0.047222222222222 0.064583333333333
0 0.617361111111111 0.873958333333333 0.109722222222222 0.11875
0 0.049305555555556 0.830208333333333 0.098611111111111 0.14375
0 0.991666666666667 0.779166666666667 0.016666666666667 0.045833333333333
0 0.096527777777778 0.722916666666667 0.026388888888889 0.0375
0 0.725694444444444 0.720833333333333 0.029166666666667 0.041666666666667
0 0.921527777777778 0.767708333333333 0.1375 0.177083333333333
0 0.515277777777778 0.697916666666667 0.052777777777778 0.05
0 0.981944444444444 0.691666666666667 0.036111111111111 0.05
0 0.024305555555556 0.66875 0.0375 0.045833333333333
0 0.894444444444444 0.661458333333333 0.052777777777778 0.052083333333333
0 0.861805555555556 0.607291666666667 0.026388888888889 0.035416666666667
0 0.705555555555556 0.590625 0.058333333333333 0.060416666666667
0 0.504166666666667 0.578125 0.058333333333333 0.060416666666667
0 0.572916666666667 0.576041666666667 0.0375 0.064583333333333
0 0.245833333333333 0.553125 0.058333333333333 0.04375
0 0.502083333333333 0.508333333333333 0.029166666666667 0.033333333333333
0 0.169444444444444 0.490625 0.041666666666667 0.039583333333333
0 0.115972222222222 0.479166666666667 0.043055555555556 0.045833333333333
0 0.453472222222222 0.460416666666667 0.029166666666667 0.0375
0 0.309722222222222 0.428125 0.027777777777778 0.035416666666667
0 0.693055555555556 0.472916666666667 0.275 0.15
0 0.041666666666667 0.347916666666667 0.022222222222222 0.033333333333333
0 0.905555555555556 0.319791666666667 0.188888888888889 0.164583333333333
0 0.70625 0.25625 0.065277777777778 0.070833333333333
0 0.55625 0.223958333333333 0.101388888888889 0.09375
0 0.285416666666667 0.183333333333333 0.051388888888889 0.05
0 0.438888888888889 0.178125 0.072222222222222 0.10625