0 0.641666666666667 0.946875 0.077777777777778 0.102083333333333
0 0.209722222222222 0.816666666666667 0.088888888888889 0.0875
0 0.947222222222222 0.766666666666667 0.105555555555556 0.1
0 0.765277777777778 0.695833333333333 0.055555555555556 0.0625
0 0.051388888888889 0.611458333333333 0.038888888888889 0.04375
0 0.91875 0.579166666666667 0.081944444444445 0.066666666666667
0 0.118055555555556 0.56875 0.041666666666667 0.05
0 0.463194444444444 0.565625 0.059722222222222 0.052083333333333
0 0.817361111111111 0.521875 0.0375 0.039583333333333
0 0.635416666666667 0.420833333333333 0.040277777777778 0.0375
0 0.254861111111111 0.313541666666667 0.059722222222222 0.035416666666667
0 0.033333333333333 0.3125 0.066666666666667 0.070833333333333
0 0.098611111111111 0.278125 0.038888888888889 0.04375
0 0.138888888888889 0.263541666666667 0.025 0.035416666666667