0 0.345138888888889 0.979166666666667 0.045833333333333 0.041666666666667
0 0.486111111111111 0.95 0.144444444444444 0.095833333333333
0 0.952777777777778 0.897916666666667 0.027777777777778 0.041666666666667
0 0.6625 0.782291666666667 0.122222222222222 0.127083333333333
0 0.729166666666667 0.697916666666667 0.052777777777778 0.0375
0 0.9875 0.68125 0.025 0.041666666666667
0 0.824305555555556 0.634375 0.031944444444445 0.039583333333333
0 0.083333333333333 0.634375 0.041666666666667 0.04375
0 0.618055555555556 0.555208333333333 0.025 0.035416666666667
0 0.745138888888889 0.553125 0.034722222222222 0.035416666666667
0 0.516666666666667 0.494791666666667 0.038888888888889 0.039583333333333
0 0.459027777777778 0.496875 0.0375 0.04375
0 0.542361111111111 0.296875 0.048611111111111 0.047916666666667
0 0.740277777777778 0.263541666666667 0.063888888888889 0.052083333333333