0 0.24375 0.982291666666667 0.081944444444445 0.035416666666667
0 0.353472222222222 0.861458333333333 0.0375 0.08125
0 0.457638888888889 0.8125 0.043055555555556 0.129166666666667
0 0.166666666666667 0.691666666666667 0.033333333333333 0.05
0 0.389583333333333 0.605208333333333 0.043055555555556 0.064583333333333
0 0.275 0.632291666666667 0.075 0.14375
0 0.643055555555556 0.575 0.1 0.1125
0 0.228472222222222 0.541666666666667 0.045833333333333 0.05
0 0.408333333333333 0.511458333333333 0.061111111111111 0.072916666666667
0 0.822916666666667 0.508333333333333 0.134722222222222 0.129166666666667
0 0.675694444444444 0.486458333333333 0.056944444444445 0.122916666666667
0 0.975694444444444 0.275 0.048611111111111 0.133333333333333
0 0.629861111111111 0.1625 0.059722222222222 0.05
0 0.886805555555556 0.022916666666667 0.073611111111111 0.045833333333333
0 0.659722222222222 0.009375 0.022222222222222 0.01875