0 0.988194444444444 0.98125 0.023611111111111 0.0375
0 0.663888888888889 0.9625 0.080555555555556 0.075
0 0.313888888888889 0.953125 0.15 0.09375
0 0.953472222222222 0.914583333333333 0.031944444444445 0.045833333333333
0 0.810416666666667 0.896875 0.0375 0.06875
0 0.885416666666667 0.867708333333333 0.031944444444445 0.035416666666667
0 0.731944444444444 0.852083333333333 0.055555555555556 0.058333333333333
0 0.022222222222222 0.826041666666667 0.044444444444445 0.05625
0 0.557638888888889 0.760416666666667 0.0625 0.070833333333333
0 0.152777777777778 0.746875 0.058333333333333 0.089583333333333
0 0.256944444444444 0.729166666666667 0.063888888888889 0.0875
0 0.045138888888889 0.65 0.0625 0.054166666666667
0 0.21875 0.620833333333333 0.048611111111111 0.054166666666667
0 0.298611111111111 0.571875 0.036111111111111 0.039583333333333
0 0.145833333333333 0.563541666666667 0.025 0.035416666666667
0 0.060416666666667 0.555208333333333 0.043055555555556 0.04375
0 0.478472222222222 0.546875 0.029166666666667 0.047916666666667
0 0.230555555555556 0.525 0.022222222222222 0.033333333333333
0 0.56875 0.447916666666667 0.0375 0.0375
0 0.120138888888889 0.444791666666667 0.026388888888889 0.035416666666667
0 0.048611111111111 0.276041666666667 0.097222222222222 0.14375