0 0.315972222222222 0.980208333333333 0.065277777777778 0.039583333333333
0 0.663194444444444 0.977083333333333 0.081944444444445 0.045833333333333
0 0.742361111111111 0.948958333333333 0.045833333333333 0.05625
0 0.609722222222222 0.904166666666667 0.069444444444445 0.05
0 0.036805555555556 0.817708333333333 0.073611111111111 0.147916666666667
0 0.304861111111111 0.707291666666667 0.034722222222222 0.05625
0 0.644444444444444 0.692708333333333 0.05 0.052083333333333
0 0.380555555555556 0.773958333333333 0.116666666666667 0.23125
0 0.69375 0.60625 0.026388888888889 0.033333333333333
0 0.379861111111111 0.601041666666667 0.045833333333333 0.039583333333333
0 0.534027777777778 0.592708333333333 0.0375 0.04375
0 0.443055555555556 0.586458333333333 0.044444444444445 0.05625
0 0.223611111111111 0.536458333333333 0.055555555555556 0.047916666666667
0 0.952777777777778 0.522916666666667 0.025 0.045833333333333
0 0.027083333333333 0.55625 0.054166666666667 0.129166666666667
0 0.084722222222222 0.488541666666667 0.027777777777778 0.035416666666667
0 0.529166666666667 0.4375 0.086111111111111 0.075
0 0.020138888888889 0.4375 0.040277777777778 0.091666666666667
0 0.630555555555556 0.357291666666667 0.027777777777778 0.035416666666667
0 0.355555555555556 0.215625 0.030555555555556 0.047916666666667