0 0.046527777777778 0.938541666666667 0.093055555555556 0.122916666666667
0 0.993055555555556 0.794791666666667 0.013888888888889 0.039583333333333
0 0.329861111111111 0.775 0.043055555555556 0.058333333333333
0 0.840277777777778 0.784375 0.083333333333333 0.097916666666667
0 0.498611111111111 0.864583333333333 0.172222222222222 0.266666666666667
0 0.9125 0.751041666666667 0.072222222222222 0.06875
0 0.190972222222222 0.767708333333333 0.106944444444444 0.10625
0 0.715277777777778 0.78125 0.111111111111111 0.158333333333333
0 0.791666666666667 0.707291666666667 0.041666666666667 0.047916666666667
0 0.491666666666667 0.658333333333333 0.05 0.066666666666667
0 0.897222222222222 0.567708333333333 0.030555555555556 0.052083333333333
0 0.023611111111111 0.575 0.047222222222222 0.070833333333333
0 0.119444444444444 0.546875 0.072222222222222 0.06875
0 0.146527777777778 0.6375 0.226388888888889 0.2875
0 0.742361111111111 0.520833333333333 0.065277777777778 0.058333333333333
0 0.440277777777778 0.507291666666667 0.208333333333333 0.08125
0 0.026388888888889 0.452083333333333 0.047222222222222 0.066666666666667
0 0.206944444444444 0.441666666666667 0.105555555555556 0.083333333333333
0 0.576388888888889 0.403125 0.036111111111111 0.039583333333333
0 0.755555555555556 0.388541666666667 0.044444444444445 0.052083333333333
0 0.507638888888889 0.371875 0.026388888888889 0.035416666666667
0 0.278472222222222 0.364583333333333 0.040277777777778 0.041666666666667
0 0.640277777777778 0.351041666666667 0.05 0.052083333333333
0 0.726388888888889 0.333333333333333 0.025 0.033333333333333
0 0.333333333333333 0.3 0.025 0.0375
0 0.573611111111111 0.288541666666667 0.027777777777778 0.035416666666667
0 0.897916666666667 0.271875 0.056944444444445 0.04375
0 0.122222222222222 0.203125 0.080555555555556 0.135416666666667
0 0.820138888888889 0.16875 0.0625 0.079166666666667
0 0.641666666666667 0.153125 0.102777777777778 0.047916666666667
0 0.527777777777778 0.10625 0.025 0.033333333333333
0 0.242361111111111 0.138541666666667 0.056944444444445 0.11875