0 0.345833333333333 0.952083333333333 0.155555555555556 0.095833333333333
0 0.591666666666667 0.625 0.075 0.0875
0 0.70625 0.611458333333333 0.106944444444444 0.06875
0 0.335416666666667 0.607291666666667 0.081944444444445 0.06875
0 0.020833333333333 0.535416666666667 0.027777777777778 0.033333333333333
0 0.602777777777778 0.485416666666667 0.072222222222222 0.079166666666667
0 0.772222222222222 0.438541666666667 0.030555555555556 0.04375
0 0.410416666666667 0.421875 0.043055555555556 0.060416666666667
0 0.164583333333333 0.377083333333333 0.023611111111111 0.033333333333333
0 0.611805555555556 0.340625 0.029166666666667 0.035416666666667
0 0.677777777777778 0.335416666666667 0.025 0.033333333333333
0 0.715277777777778 0.316666666666667 0.044444444444445 0.05
0 0.902777777777778 0.298958333333333 0.038888888888889 0.047916666666667
0 0.820833333333333 0.227083333333333 0.022222222222222 0.033333333333333
0 0.563888888888889 0.119791666666667 0.027777777777778 0.039583333333333