0 0.863194444444444 0.960416666666667 0.104166666666667 0.079166666666667
0 0.570138888888889 0.939583333333333 0.115277777777778 0.120833333333333
0 0.194444444444444 0.719791666666667 0.058333333333333 0.077083333333333
0 0.513194444444444 0.678125 0.073611111111111 0.077083333333333
0 0.778472222222222 0.54375 0.0375 0.045833333333333
0 0.076388888888889 0.64375 0.152777777777778 0.279166666666667
0 0.807638888888889 0.517708333333333 0.026388888888889 0.035416666666667
0 0.613888888888889 0.516666666666667 0.05 0.05
0 0.26875 0.49375 0.029166666666667 0.033333333333333
0 0.397222222222222 0.479166666666667 0.030555555555556 0.033333333333333
0 0.346527777777778 0.455208333333333 0.031944444444445 0.039583333333333
0 0.966666666666667 0.416666666666667 0.027777777777778 0.0375
0 0.61875 0.432291666666667 0.070833333333333 0.06875
0 0.520138888888889 0.433333333333333 0.073611111111111 0.083333333333333
0 0.674305555555556 0.39375 0.029166666666667 0.0375
0 0.305555555555556 0.379166666666667 0.038888888888889 0.045833333333333
0 0.49375 0.377083333333333 0.040277777777778 0.083333333333333
0 0.991666666666667 0.342708333333333 0.016666666666667 0.047916666666667
0 0.86875 0.255208333333333 0.115277777777778 0.135416666666667
0 0.706944444444444 0.213541666666667 0.105555555555556 0.089583333333333
0 0.221527777777778 0.2875 0.265277777777778 0.3625
0 0.581944444444444 0.116666666666667 0.061111111111111 0.0875