0 0.766666666666667 0.960416666666667 0.058333333333333 0.079166666666667
0 0.577777777777778 0.771875 0.036111111111111 0.047916666666667
0 0.383333333333333 0.73125 0.058333333333333 0.070833333333333
0 0.988194444444444 0.709375 0.023611111111111 0.060416666666667
0 0.4875 0.65 0.022222222222222 0.033333333333333
0 0.5375 0.645833333333333 0.027777777777778 0.0375
0 0.098611111111111 0.617708333333333 0.077777777777778 0.08125
0 0.907638888888889 0.60625 0.123611111111111 0.154166666666667
0 0.509722222222222 0.546875 0.030555555555556 0.04375
0 0.785416666666667 0.516666666666667 0.054166666666667 0.045833333333333
0 0.844444444444444 0.48125 0.044444444444445 0.0625
0 0.768055555555556 0.395833333333333 0.044444444444445 0.070833333333333