0 0.096527777777778 0.854166666666667 0.034722222222222 0.05
0 0.446527777777778 0.844791666666667 0.070833333333333 0.102083333333333
0 0.890277777777778 0.877083333333333 0.213888888888889 0.245833333333333
0 0.209027777777778 0.658333333333333 0.043055555555556 0.05
0 0.816666666666667 0.651041666666667 0.036111111111111 0.047916666666667
0 0.702083333333333 0.689583333333333 0.081944444444445 0.125
0 0.36875 0.586458333333333 0.048611111111111 0.052083333333333
0 0.611111111111111 0.55625 0.058333333333333 0.079166666666667
0 0.972222222222222 0.411458333333333 0.05 0.04375
0 0.68125 0.375 0.051388888888889 0.054166666666667
0 0.804861111111111 0.271875 0.043055555555556 0.04375