0 0.011111111111111 0.982291666666667 0.022222222222222 0.035416666666667
0 0.993055555555556 0.964583333333333 0.013888888888889 0.041666666666667
0 0.340972222222222 0.877083333333333 0.031944444444445 0.0375
0 0.147222222222222 0.864583333333333 0.022222222222222 0.033333333333333
0 0.59375 0.81875 0.026388888888889 0.0375
0 0.5 0.808333333333333 0.05 0.05
0 0.859027777777778 0.803125 0.048611111111111 0.047916666666667
0 0.668055555555555 0.780208333333333 0.061111111111111 0.060416666666667
0 0.911111111111111 0.663541666666667 0.030555555555556 0.035416666666667
0 0.56875 0.65 0.034722222222222 0.041666666666667
0 0.115972222222222 0.489583333333333 0.031944444444445 0.041666666666667
0 0.275694444444444 0.445833333333333 0.023611111111111 0.033333333333333
0 0.481944444444444 0.3875 0.025 0.033333333333333
0 0.698611111111111 0.319791666666667 0.069444444444445 0.097916666666667
0 0.773611111111111 0.275 0.063888888888889 0.058333333333333