0 0.915277777777778 0.945833333333333 0.066666666666667 0.0875
0 0.00625 0.775 0.0125 0.033333333333333
0 0.6125 0.785416666666667 0.108333333333333 0.091666666666667
0 0.399305555555556 0.707291666666667 0.045833333333333 0.039583333333333
0 0.022222222222222 0.7 0.033333333333333 0.041666666666667
0 0.120833333333333 0.694791666666667 0.05 0.064583333333333
0 0.224305555555556 0.645833333333333 0.104166666666667 0.075
0 0.473611111111111 0.604166666666667 0.063888888888889 0.05
0 0.823611111111111 0.591666666666667 0.058333333333333 0.058333333333333
0 0.990277777777778 0.288541666666667 0.019444444444445 0.04375
0 0.495833333333333 0.214583333333333 0.125 0.0625
0 0.624305555555556 0.176041666666667 0.054166666666667 0.06875