0 0.929861111111111 0.983333333333333 0.0875 0.033333333333333
0 0.102777777777778 0.690625 0.05 0.064583333333333
0 0.844444444444444 0.647916666666667 0.025 0.0375
0 0.384027777777778 0.76875 0.740277777777778 0.4625
0 0.577083333333333 0.479166666666667 0.040277777777778 0.033333333333333
0 0.983333333333333 0.471875 0.033333333333333 0.05625
0 0.359027777777778 0.446875 0.043055555555556 0.039583333333333
0 0.241666666666667 0.452083333333333 0.033333333333333 0.058333333333333
0 0.590972222222222 0.403125 0.065277777777778 0.05625
0 0.899305555555556 0.382291666666667 0.045833333333333 0.04375
0 0.991666666666667 0.151041666666667 0.016666666666667 0.035416666666667
0 0.961805555555556 0.144791666666667 0.029166666666667 0.039583333333333