0 0.780555555555556 0.963541666666667 0.086111111111111 0.072916666666667
0 0.969444444444444 0.934375 0.061111111111111 0.13125
0 0.270138888888889 0.9125 0.081944444444445 0.091666666666667
0 0.11875 0.894791666666667 0.0625 0.08125
0 0.570138888888889 0.786458333333333 0.090277777777778 0.08125
0 0.376388888888889 0.790625 0.152777777777778 0.14375
0 0.044444444444445 0.76875 0.088888888888889 0.158333333333333
0 0.753472222222222 0.663541666666667 0.034722222222222 0.077083333333333
0 0.676388888888889 0.641666666666667 0.038888888888889 0.05
0 0.339583333333333 0.63125 0.0375 0.0375
0 0.672916666666667 0.55625 0.151388888888889 0.066666666666667
0 0.173611111111111 0.517708333333333 0.033333333333333 0.035416666666667