0 0.053472222222222 0.970833333333333 0.043055555555556 0.05
0 0.236111111111111 0.939583333333333 0.066666666666667 0.0875
0 0.150694444444444 0.863541666666667 0.056944444444445 0.05625
0 0.372916666666667 0.88125 0.054166666666667 0.120833333333333
0 0.295833333333333 0.84375 0.05 0.058333333333333
0 0.24375 0.732291666666667 0.043055555555556 0.052083333333333
0 0.021527777777778 0.744791666666667 0.043055555555556 0.114583333333333
0 0.078472222222222 0.716666666666667 0.0625 0.0625
0 0.389583333333333 0.702083333333333 0.040277777777778 0.045833333333333
0 0.570833333333333 0.7125 0.169444444444444 0.175
0 0.654861111111111 0.597916666666667 0.031944444444445 0.054166666666667
0 0.891666666666667 0.590625 0.036111111111111 0.04375
0 0.739583333333333 0.570833333333333 0.043055555555556 0.0625
0 0.886805555555556 0.539583333333333 0.093055555555556 0.05
0 0.569444444444444 0.497916666666667 0.038888888888889 0.041666666666667
0 0.222916666666667 0.571875 0.126388888888889 0.202083333333333
0 0.813888888888889 0.351041666666667 0.025 0.035416666666667