0 0.540277777777778 0.988541666666667 0.052777777777778 0.022916666666667
0 0.846527777777778 0.976041666666667 0.0375 0.047916666666667
0 0.992361111111111 0.9625 0.015277777777778 0.0625
0 0.014583333333333 0.945833333333333 0.029166666666667 0.0875
0 0.767361111111111 0.9125 0.073611111111111 0.058333333333333
0 0.825 0.884375 0.027777777777778 0.039583333333333
0 0.122222222222222 0.920833333333333 0.166666666666667 0.158333333333333
0 0.381944444444444 0.871875 0.066666666666667 0.064583333333333
0 0.515277777777778 0.859375 0.05 0.09375
0 0.386805555555556 0.810416666666667 0.040277777777778 0.045833333333333
0 0.739583333333333 0.786458333333333 0.029166666666667 0.047916666666667
0 0.274305555555556 0.775 0.0625 0.070833333333333
0 0.167361111111111 0.75 0.051388888888889 0.05
0 0.470833333333333 0.714583333333333 0.033333333333333 0.041666666666667
0 0.738194444444444 0.670833333333333 0.029166666666667 0.0375
0 0.425694444444444 0.6875 0.051388888888889 0.070833333333333
0 0.88125 0.74375 0.201388888888889 0.1875
0 0.25 0.669791666666667 0.038888888888889 0.047916666666667
0 0.152083333333333 0.644791666666667 0.026388888888889 0.039583333333333
0 0.096527777777778 0.665625 0.081944444444445 0.08125
0 0.03125 0.6375 0.0375 0.041666666666667
0 0.504861111111111 0.635416666666667 0.045833333333333 0.058333333333333
0 0.558333333333333 0.608333333333333 0.022222222222222 0.033333333333333
0 0.390972222222222 0.590625 0.023611111111111 0.035416666666667
0 0.1 0.572916666666667 0.027777777777778 0.041666666666667
0 0.240972222222222 0.554166666666667 0.056944444444445 0.041666666666667
0 0.740277777777778 0.533333333333333 0.077777777777778 0.1125
0 0.135416666666667 0.36875 0.0625 0.066666666666667
0 0.563194444444444 0.39375 0.148611111111111 0.141666666666667
0 0.351388888888889 0.394791666666667 0.205555555555556 0.24375
0 0.068055555555556 0.283333333333333 0.022222222222222 0.033333333333333