0 0.393055555555556 0.947916666666667 0.138888888888889 0.104166666666667
0 0.818055555555556 0.913541666666667 0.141666666666667 0.164583333333333
0 0.254861111111111 0.8 0.0625 0.116666666666667
0 0.403472222222222 0.785416666666667 0.1125 0.108333333333333
0 0.69375 0.744791666666667 0.098611111111111 0.064583333333333
0 0.982638888888889 0.721875 0.034722222222222 0.064583333333333
0 0.556944444444444 0.703125 0.091666666666667 0.064583333333333
0 0.029861111111111 0.647916666666667 0.059722222222222 0.058333333333333
0 0.695138888888889 0.5125 0.051388888888889 0.0625
0 0.145138888888889 0.547916666666667 0.234722222222222 0.175
0 0.498611111111111 0.423958333333333 0.038888888888889 0.04375
0 0.364583333333333 0.413541666666667 0.059722222222222 0.06875
0 0.441666666666667 0.3875 0.030555555555556 0.033333333333333
0 0.186111111111111 0.3875 0.080555555555556 0.058333333333333
0 0.578472222222222 0.378125 0.054166666666667 0.04375
0 0.291666666666667 0.36875 0.025 0.033333333333333
0 0.770138888888889 0.35625 0.034722222222222 0.041666666666667
0 0.455555555555556 0.345833333333333 0.022222222222222 0.033333333333333
0 0.022916666666667 0.389583333333333 0.045833333333333 0.125
0 0.711805555555556 0.320833333333333 0.023611111111111 0.033333333333333
0 0.577777777777778 0.320833333333333 0.030555555555556 0.0375
0 0.556944444444444 0.247916666666667 0.022222222222222 0.033333333333333
0 0.974305555555556 0.264583333333333 0.051388888888889 0.133333333333333
0 0.460416666666667 0.202083333333333 0.070833333333333 0.041666666666667
0 0.163888888888889 0.15 0.036111111111111 0.041666666666667