0 0.057638888888889 0.955208333333333 0.115277777777778 0.089583333333333
0 0.609722222222222 0.907291666666667 0.036111111111111 0.039583333333333
0 0.011111111111111 0.886458333333333 0.022222222222222 0.05625
0 0.561805555555556 0.825 0.026388888888889 0.041666666666667
0 0.844444444444444 0.815625 0.047222222222222 0.047916666666667
0 0.895138888888889 0.76875 0.059722222222222 0.05
0 0.536111111111111 0.703125 0.063888888888889 0.047916666666667
0 0.629861111111111 0.695833333333333 0.048611111111111 0.05
0 0.928472222222222 0.666666666666667 0.029166666666667 0.041666666666667
0 0.454861111111111 0.647916666666667 0.026388888888889 0.033333333333333
0 0.135416666666667 0.605208333333333 0.031944444444445 0.04375