0 0.03125 0.930208333333333 0.0625 0.09375
0 0.854861111111111 0.842708333333333 0.0875 0.089583333333333
0 0.65625 0.814583333333333 0.079166666666667 0.1
0 0.36875 0.7625 0.068055555555556 0.083333333333333
0 0.978472222222222 0.678125 0.034722222222222 0.04375
0 0.261111111111111 0.598958333333333 0.044444444444445 0.039583333333333
0 0.125694444444444 0.545833333333333 0.034722222222222 0.045833333333333
0 0.290277777777778 0.538541666666667 0.027777777777778 0.035416666666667
0 0.440972222222222 0.509375 0.031944444444445 0.035416666666667
0 0.254861111111111 0.296875 0.031944444444445 0.04375
0 0.089583333333333 0.291666666666667 0.023611111111111 0.033333333333333
0 0.197916666666667 0.295833333333333 0.045833333333333 0.05
0 0.336805555555556 0.285416666666667 0.1125 0.083333333333333