0 0.972222222222222 0.913541666666667 0.055555555555556 0.047916666666667
0 0.357638888888889 0.938541666666667 0.176388888888889 0.122916666666667
0 0.152777777777778 0.933333333333333 0.125 0.133333333333333
0 0.561111111111111 0.888541666666667 0.077777777777778 0.09375
0 0.291666666666667 0.840625 0.025 0.039583333333333
0 0.1875 0.822916666666667 0.047222222222222 0.058333333333333
0 0.558333333333333 0.764583333333333 0.022222222222222 0.033333333333333
0 0.115972222222222 0.658333333333333 0.034722222222222 0.0375
0 0.964583333333333 0.661458333333333 0.070833333333333 0.064583333333333
0 0.5875 0.632291666666667 0.033333333333333 0.039583333333333
0 0.74375 0.445833333333333 0.043055555555556 0.0625