0 0.500694444444444 0.983333333333333 0.0625 0.033333333333333
0 0.614583333333333 0.944791666666667 0.026388888888889 0.052083333333333
0 0.860416666666667 0.9375 0.054166666666667 0.0625
0 0.636805555555555 0.872916666666667 0.048611111111111 0.0625
0 0.0375 0.884375 0.075 0.135416666666667
0 0.861111111111111 0.821875 0.027777777777778 0.035416666666667
0 0.111805555555556 0.815625 0.065277777777778 0.06875
0 0.461805555555556 0.798958333333333 0.048611111111111 0.060416666666667
0 0.664583333333333 0.748958333333333 0.026388888888889 0.035416666666667
0 0.527083333333333 0.740625 0.031944444444445 0.035416666666667
0 0.761805555555555 0.736458333333333 0.029166666666667 0.04375
0 0.384722222222222 0.667708333333333 0.041666666666667 0.039583333333333
0 0.075 0.680208333333333 0.083333333333333 0.072916666666667
0 0.538194444444444 0.65625 0.023611111111111 0.033333333333333
0 0.15625 0.633333333333333 0.068055555555556 0.054166666666667
0 0.449305555555556 0.571875 0.026388888888889 0.035416666666667
0 0.013194444444445 0.533333333333333 0.026388888888889 0.0375
0 0.3 0.323958333333333 0.058333333333333 0.047916666666667
0 0.011805555555556 0.2625 0.023611111111111 0.033333333333333