0 0.308333333333333 0.977083333333333 0.036111111111111 0.045833333333333
0 0.022916666666667 0.955208333333333 0.045833333333333 0.089583333333333
0 0.029166666666667 0.839583333333333 0.05 0.070833333333333
0 0.809722222222222 0.841666666666667 0.141666666666667 0.1125
0 0.818055555555556 0.721875 0.083333333333333 0.08125
0 0.23125 0.690625 0.054166666666667 0.05625
0 0.58125 0.723958333333333 0.123611111111111 0.135416666666667
0 0.275694444444444 0.572916666666667 0.029166666666667 0.0375
0 0.777083333333333 0.483333333333333 0.0625 0.1
0 0.923611111111111 0.43125 0.030555555555556 0.045833333333333
0 0.646527777777778 0.370833333333333 0.034722222222222 0.0375
0 0.677083333333333 0.336458333333333 0.026388888888889 0.035416666666667