0 0.539583333333333 0.972916666666667 0.073611111111111 0.054166666666667
0 0.829861111111111 0.9375 0.045833333333333 0.058333333333333
0 0.118055555555556 0.932291666666667 0.1 0.060416666666667
0 0.379166666666667 0.932291666666667 0.127777777777778 0.122916666666667
0 0.565277777777778 0.885416666666667 0.05 0.0625
0 0.980555555555556 0.861458333333333 0.038888888888889 0.039583333333333
0 0.2375 0.867708333333333 0.055555555555556 0.064583333333333
0 0.394444444444444 0.846875 0.044444444444445 0.039583333333333
0 0.119444444444444 0.769791666666667 0.041666666666667 0.047916666666667
0 0.4625 0.753125 0.022222222222222 0.035416666666667
0 0.0125 0.754166666666667 0.025 0.0375
0 0.227777777777778 0.714583333333333 0.022222222222222 0.033333333333333
0 0.421527777777778 0.585416666666667 0.120833333333333 0.133333333333333
0 0.084027777777778 0.507291666666667 0.065277777777778 0.04375
0 0.147222222222222 0.483333333333333 0.022222222222222 0.05