0 0.31875 0.986458333333333 0.054166666666667 0.027083333333333
0 0.496527777777778 0.95 0.090277777777778 0.1
0 0.878472222222222 0.928125 0.048611111111111 0.077083333333333
0 0.040972222222222 0.941666666666667 0.081944444444445 0.116666666666667
0 0.816666666666667 0.8125 0.047222222222222 0.054166666666667
0 0.918055555555556 0.796875 0.052777777777778 0.060416666666667
0 0.656944444444444 0.783333333333333 0.022222222222222 0.033333333333333
0 0.984722222222222 0.7625 0.030555555555556 0.045833333333333
0 0.804861111111111 0.75 0.023611111111111 0.033333333333333
0 0.758333333333333 0.748958333333333 0.027777777777778 0.039583333333333
0 0.427777777777778 0.763541666666667 0.058333333333333 0.072916666666667
0 0.564583333333333 0.748958333333333 0.093055555555556 0.147916666666667
0 0.181944444444444 0.7125 0.086111111111111 0.104166666666667
0 0.563194444444444 0.640625 0.076388888888889 0.06875
0 0.481944444444444 0.63125 0.063888888888889 0.095833333333333
0 0.265277777777778 0.615625 0.069444444444445 0.064583333333333
0 0.340972222222222 0.585416666666667 0.059722222222222 0.045833333333333
0 0.406944444444444 0.569791666666667 0.044444444444445 0.04375
0 0.968055555555556 0.616666666666667 0.063888888888889 0.158333333333333
0 0.49375 0.554166666666667 0.034722222222222 0.05
0 0.845833333333333 0.528125 0.027777777777778 0.06875
0 0.131944444444444 0.50625 0.033333333333333 0.0375
0 0.029166666666667 0.48125 0.055555555555556 0.054166666666667
0 0.575694444444444 0.469791666666667 0.170833333333333 0.260416666666667
0 0.361805555555556 0.375 0.2375 0.158333333333333
0 0.085416666666667 0.227083333333333 0.056944444444445 0.066666666666667