0 0.190972222222222 0.966666666666667 0.079166666666667 0.066666666666667
0 0.01875 0.948958333333333 0.0375 0.097916666666667
0 0.983333333333333 0.888541666666667 0.033333333333333 0.097916666666667
0 0.595138888888889 0.884375 0.168055555555556 0.23125
0 0.160416666666667 0.767708333333333 0.070833333333333 0.09375
0 0.861805555555556 0.671875 0.123611111111111 0.114583333333333
0 0.342361111111111 0.673958333333333 0.098611111111111 0.13125
0 0.215972222222222 0.641666666666667 0.148611111111111 0.1
0 0.077083333333333 0.597916666666667 0.026388888888889 0.0375
0 0.372222222222222 0.470833333333333 0.061111111111111 0.058333333333333
0 0.306944444444444 0.458333333333333 0.022222222222222 0.033333333333333
0 0.323611111111111 0.409375 0.033333333333333 0.039583333333333
0 0.605555555555555 0.40625 0.094444444444445 0.083333333333333
0 0.4 0.36875 0.041666666666667 0.041666666666667
0 0.803472222222222 0.38125 0.056944444444445 0.079166666666667
0 0.910416666666667 0.338541666666667 0.106944444444444 0.052083333333333
0 0.733333333333333 0.333333333333333 0.052777777777778 0.041666666666667
0 0.936111111111111 0.28125 0.038888888888889 0.041666666666667
0 0.45 0.273958333333333 0.033333333333333 0.04375
0 0.986111111111111 0.267708333333333 0.027777777777778 0.035416666666667
0 0.575694444444444 0.28125 0.051388888888889 0.066666666666667
0 0.811111111111111 0.260416666666667 0.030555555555556 0.041666666666667
0 0.732638888888889 0.253125 0.051388888888889 0.06875
0 0.902777777777778 0.228125 0.036111111111111 0.04375
0 0.790972222222222 0.208333333333333 0.051388888888889 0.041666666666667
0 0.729166666666667 0.146875 0.027777777777778 0.052083333333333
0 0.433333333333333 0.091666666666667 0.036111111111111 0.041666666666667
0 0.831944444444444 0.058333333333333 0.102777777777778 0.041666666666667