0 0.050694444444445 0.934375 0.090277777777778 0.110416666666667
0 0.748611111111111 0.926041666666667 0.077777777777778 0.102083333333333
0 0.575694444444444 0.898958333333333 0.101388888888889 0.122916666666667
0 0.577777777777778 0.764583333333333 0.061111111111111 0.0625
0 0.815277777777778 0.665625 0.038888888888889 0.04375
0 0.670833333333333 0.673958333333333 0.055555555555556 0.077083333333333
0 0.531944444444444 0.6125 0.038888888888889 0.0375
0 0.886111111111111 0.610416666666667 0.027777777777778 0.041666666666667
0 0.789583333333333 0.371875 0.043055555555556 0.064583333333333
0 0.563194444444444 0.371875 0.056944444444445 0.064583333333333
0 0.384027777777778 0.355208333333333 0.026388888888889 0.04375