0 0.969444444444444 0.892708333333333 0.061111111111111 0.085416666666667
0 0.03125 0.8625 0.0625 0.145833333333333
0 0.554166666666667 0.79375 0.091666666666667 0.116666666666667
0 0.24375 0.748958333333333 0.140277777777778 0.152083333333333
0 0.965277777777778 0.715625 0.069444444444445 0.089583333333333
0 0.371527777777778 0.636458333333333 0.101388888888889 0.18125
0 0.780555555555556 0.520833333333333 0.025 0.033333333333333
0 0.129861111111111 0.482291666666667 0.068055555555556 0.064583333333333
0 0.568055555555556 0.455208333333333 0.044444444444445 0.052083333333333
0 0.068055555555556 0.440625 0.030555555555556 0.039583333333333
0 0.220833333333333 0.3 0.033333333333333 0.045833333333333
0 0.783333333333333 0.221875 0.083333333333333 0.077083333333333
0 0.04375 0.1375 0.029166666666667 0.0375
0 0.429166666666667 0.072916666666667 0.025 0.033333333333333
0 0.330555555555556 0.069791666666667 0.041666666666667 0.052083333333333
0 0.261805555555556 0.064583333333333 0.026388888888889 0.041666666666667
0 0.215972222222222 0.063541666666667 0.040277777777778 0.04375
0 0.140277777777778 0.042708333333333 0.027777777777778 0.035416666666667