0 0.261805555555556 0.838541666666667 0.1125 0.122916666666667
0 0.04375 0.830208333333333 0.0875 0.227083333333333
0 0.977083333333333 0.672916666666667 0.045833333333333 0.066666666666667
0 0.202777777777778 0.615625 0.061111111111111 0.06875
0 0.322916666666667 0.547916666666667 0.045833333333333 0.05
0 0.217361111111111 0.544791666666667 0.068055555555556 0.077083333333333
0 0.968055555555556 0.504166666666667 0.022222222222222 0.033333333333333
0 0.449305555555556 0.473958333333333 0.045833333333333 0.04375
0 0.092361111111111 0.435416666666667 0.165277777777778 0.0875
0 0.600694444444444 0.4 0.070833333333333 0.0375
0 0.080555555555556 0.282291666666667 0.05 0.04375