0 0.651388888888889 0.9375 0.180555555555556 0.125
0 0.147916666666667 0.90625 0.034722222222222 0.070833333333333
0 0.329861111111111 0.889583333333333 0.059722222222222 0.1
0 0.227083333333333 0.88125 0.084722222222222 0.095833333333333
0 0.203472222222222 0.763541666666667 0.029166666666667 0.047916666666667
0 0.982638888888889 0.717708333333333 0.034722222222222 0.110416666666667
0 0.457638888888889 0.691666666666667 0.076388888888889 0.066666666666667
0 0.365277777777778 0.7 0.072222222222222 0.1
0 0.661805555555556 0.683333333333333 0.134722222222222 0.108333333333333
0 0.811111111111111 0.666666666666667 0.080555555555556 0.166666666666667
0 0.397916666666667 0.596875 0.0375 0.04375
0 0.324305555555556 0.577083333333333 0.031944444444445 0.041666666666667
0 0.279861111111111 0.566666666666667 0.031944444444445 0.041666666666667
0 0.202777777777778 0.523958333333333 0.055555555555556 0.09375
0 0.640972222222222 0.466666666666667 0.054166666666667 0.075
0 0.870138888888889 0.438541666666667 0.065277777777778 0.072916666666667
0 0.795138888888889 0.4125 0.0625 0.1
0 0.967361111111111 0.408333333333333 0.065277777777778 0.120833333333333
0 0.609722222222222 0.352083333333333 0.022222222222222 0.033333333333333
0 0.79375 0.171875 0.0375 0.047916666666667
0 0.602777777777778 0.179166666666667 0.136111111111111 0.133333333333333