0 0.175694444444444 0.971875 0.101388888888889 0.05625
0 0.977083333333333 0.960416666666667 0.045833333333333 0.079166666666667
0 0.407638888888889 0.95625 0.123611111111111 0.0875
0 0.727777777777778 0.8375 0.072222222222222 0.104166666666667
0 0.759027777777778 0.686458333333333 0.079166666666667 0.072916666666667
0 0.543055555555555 0.629166666666667 0.052777777777778 0.045833333333333
0 0.990972222222222 0.576041666666667 0.018055555555556 0.035416666666667
0 0.638888888888889 0.558333333333333 0.022222222222222 0.033333333333333
0 0.250694444444444 0.572916666666667 0.065277777777778 0.0625
0 0.011805555555556 0.553125 0.023611111111111 0.039583333333333
0 0.602777777777778 0.476041666666667 0.038888888888889 0.04375
0 0.585416666666667 0.419791666666667 0.026388888888889 0.035416666666667
0 0.022916666666667 0.334375 0.045833333333333 0.052083333333333
0 0.086111111111111 0.323958333333333 0.027777777777778 0.039583333333333