0 0.109722222222222 0.939583333333333 0.044444444444445 0.079166666666667
0 0.517361111111111 0.89375 0.126388888888889 0.141666666666667
0 0.199305555555556 0.814583333333333 0.029166666666667 0.041666666666667
0 0.381944444444444 0.680208333333333 0.044444444444445 0.05625
0 0.630555555555556 0.641666666666667 0.094444444444445 0.125
0 0.54375 0.596875 0.056944444444445 0.06875
0 0.515972222222222 0.503125 0.045833333333333 0.05625
0 0.722916666666667 0.502083333333333 0.059722222222222 0.083333333333333
0 0.610416666666667 0.457291666666667 0.068055555555556 0.064583333333333
0 0.871527777777778 0.355208333333333 0.079166666666667 0.072916666666667
0 0.765972222222222 0.14375 0.270833333333333 0.2875