0 0.148611111111111 0.990625 0.033333333333333 0.01875
0 0.400694444444444 0.985416666666667 0.054166666666667 0.029166666666667
0 0.039583333333333 0.983333333333333 0.034722222222222 0.033333333333333
0 0.0875 0.965625 0.044444444444445 0.06875
0 0.216666666666667 0.964583333333333 0.061111111111111 0.070833333333333
0 0.030555555555556 0.942708333333333 0.027777777777778 0.052083333333333
0 0.036111111111111 0.880208333333333 0.027777777777778 0.04375
0 0.170138888888889 0.890625 0.054166666666667 0.06875
0 0.933333333333333 0.927083333333333 0.133333333333333 0.145833333333333
0 0.186111111111111 0.810416666666667 0.038888888888889 0.058333333333333
0 0.6625 0.8375 0.063888888888889 0.154166666666667
0 0.26875 0.803125 0.043055555555556 0.085416666666667
0 0.138194444444444 0.792708333333333 0.056944444444445 0.08125
0 0.220833333333333 0.767708333333333 0.038888888888889 0.047916666666667
0 0.375 0.721875 0.080555555555556 0.102083333333333
0 0.747222222222222 0.730208333333333 0.130555555555556 0.147916666666667
0 0.015277777777778 0.682291666666667 0.030555555555556 0.08125
0 0.488194444444444 0.658333333333333 0.031944444444445 0.041666666666667
0 0.986805555555556 0.638541666666667 0.026388888888889 0.060416666666667
0 0.5375 0.765625 0.166666666666667 0.33125
0 0.458333333333333 0.61875 0.044444444444445 0.05
0 0.495138888888889 0.583333333333333 0.031944444444445 0.0375
0 0.630555555555556 0.570833333333333 0.030555555555556 0.041666666666667
0 0.704861111111111 0.563541666666667 0.054166666666667 0.060416666666667
0 0.459722222222222 0.545833333333333 0.033333333333333 0.0375
0 0.159027777777778 0.621875 0.156944444444444 0.19375
0 0.743055555555556 0.489583333333333 0.158333333333333 0.120833333333333
0 0.829861111111111 0.433333333333333 0.040277777777778 0.041666666666667
0 0.986805555555556 0.397916666666667 0.026388888888889 0.045833333333333
0 0.374305555555556 0.441666666666667 0.168055555555556 0.154166666666667
0 0.529166666666667 0.320833333333333 0.033333333333333 0.041666666666667
0 0.9 0.323958333333333 0.144444444444444 0.164583333333333
0 0.992361111111111 0.239583333333333 0.015277777777778 0.0375
0 0.940277777777778 0.20625 0.022222222222222 0.033333333333333