0 0.520138888888889 0.973958333333333 0.0375 0.052083333333333
0 0.75 0.953125 0.144444444444444 0.09375
0 0.955555555555556 0.821875 0.066666666666667 0.110416666666667
0 0.4625 0.707291666666667 0.061111111111111 0.089583333333333
0 0.986111111111111 0.619791666666667 0.027777777777778 0.05625
0 0.14375 0.615625 0.098611111111111 0.072916666666667
0 0.939583333333333 0.552083333333333 0.031944444444445 0.0375
0 0.011805555555556 0.532291666666667 0.023611111111111 0.04375
0 0.53125 0.525 0.0625 0.058333333333333
0 0.643055555555556 0.491666666666667 0.047222222222222 0.054166666666667
0 0.355555555555556 0.39375 0.022222222222222 0.033333333333333
0 0.107638888888889 0.3625 0.029166666666667 0.033333333333333
0 0.449305555555556 0.347916666666667 0.029166666666667 0.033333333333333
0 0.379166666666667 0.309375 0.033333333333333 0.039583333333333
0 0.432638888888889 0.236458333333333 0.068055555555556 0.04375