0 0.930555555555556 0.9625 0.080555555555556 0.075
0 0.836805555555556 0.869791666666667 0.090277777777778 0.077083333333333
0 0.440277777777778 0.830208333333333 0.122222222222222 0.139583333333333
0 0.790972222222222 0.741666666666667 0.034722222222222 0.05
0 0.871527777777778 0.739583333333333 0.045833333333333 0.054166666666667
0 0.808333333333333 0.680208333333333 0.05 0.052083333333333
0 0.038194444444445 0.666666666666667 0.076388888888889 0.179166666666667
0 0.603472222222222 0.573958333333333 0.081944444444445 0.09375
0 0.445138888888889 0.523958333333333 0.076388888888889 0.064583333333333
0 0.009027777777778 0.490625 0.018055555555556 0.052083333333333
0 0.663888888888889 0.480208333333333 0.025 0.035416666666667
0 0.522916666666667 0.370833333333333 0.048611111111111 0.054166666666667
0 0.320833333333333 0.366666666666667 0.055555555555556 0.045833333333333
0 0.907638888888889 0.345833333333333 0.026388888888889 0.041666666666667
0 0.372222222222222 0.327083333333333 0.027777777777778 0.033333333333333
0 0.074305555555556 0.3125 0.065277777777778 0.058333333333333
0 0.625694444444444 0.188541666666667 0.118055555555556 0.15625