0 0.217361111111111 0.959375 0.048611111111111 0.052083333333333
0 0.565277777777778 0.963541666666667 0.105555555555556 0.072916666666667
0 0.110416666666667 0.911458333333333 0.029166666666667 0.039583333333333
0 0.911805555555556 0.915625 0.118055555555556 0.16875
0 0.274305555555556 0.902083333333333 0.284722222222222 0.1625
0 0.763194444444444 0.828125 0.093055555555556 0.097916666666667
0 0.154861111111111 0.786458333333333 0.026388888888889 0.035416666666667
0 0.018055555555556 0.801041666666667 0.036111111111111 0.064583333333333
0 0.484027777777778 0.789583333333333 0.040277777777778 0.045833333333333
0 0.860416666666667 0.786458333333333 0.0625 0.052083333333333
0 0.222916666666667 0.7875 0.031944444444445 0.066666666666667
0 0.577083333333333 0.730208333333333 0.065277777777778 0.052083333333333
0 0.978472222222222 0.739583333333333 0.043055555555556 0.108333333333333
0 0.544444444444444 0.641666666666667 0.125 0.079166666666667
0 0.814583333333333 0.588541666666667 0.048611111111111 0.052083333333333
0 0.652777777777778 0.579166666666667 0.025 0.0375
0 0.956944444444444 0.527083333333333 0.030555555555556 0.0375
0 0.895138888888889 0.258333333333333 0.023611111111111 0.0375