0 0.45625 0.9875 0.054166666666667 0.025
0 0.561805555555556 0.94375 0.101388888888889 0.1125
0 0.397222222222222 0.877083333333333 0.030555555555556 0.045833333333333
0 0.131944444444444 0.921875 0.086111111111111 0.15625
0 0.913194444444444 0.804166666666667 0.120833333333333 0.191666666666667
0 0.053472222222222 0.691666666666667 0.023611111111111 0.033333333333333
0 0.011805555555556 0.6125 0.023611111111111 0.075
0 0.607638888888889 0.583333333333333 0.068055555555556 0.075
0 0.451388888888889 0.523958333333333 0.072222222222222 0.05625
0 0.33125 0.55 0.120833333333333 0.108333333333333
0 0.929166666666667 0.547916666666667 0.108333333333333 0.129166666666667
0 0.782638888888889 0.505208333333333 0.076388888888889 0.09375
0 0.782638888888889 0.396875 0.040277777777778 0.04375
0 0.0125 0.369791666666667 0.025 0.047916666666667
0 0.629861111111111 0.335416666666667 0.056944444444445 0.0625