0 0.029166666666667 0.951041666666667 0.058333333333333 0.097916666666667
0 0.245833333333333 0.933333333333333 0.225 0.133333333333333
0 0.729166666666667 0.84375 0.094444444444445 0.1875
0 0.213888888888889 0.702083333333333 0.052777777777778 0.070833333333333
0 0.944444444444444 0.690625 0.111111111111111 0.160416666666667
0 0.515972222222222 0.665625 0.101388888888889 0.127083333333333
0 0.315972222222222 0.585416666666667 0.126388888888889 0.15
0 0.261111111111111 0.495833333333333 0.069444444444445 0.079166666666667
0 0.75 0.461458333333333 0.077777777777778 0.064583333333333
0 0.939583333333333 0.459375 0.056944444444445 0.08125
0 0.20625 0.45625 0.076388888888889 0.1125
0 0.920833333333333 0.394791666666667 0.036111111111111 0.039583333333333
0 0.542361111111111 0.370833333333333 0.034722222222222 0.0375
0 0.838888888888889 0.3875 0.063888888888889 0.075
0 0.977777777777778 0.359375 0.044444444444445 0.11875
0 0.911805555555556 0.304166666666667 0.029166666666667 0.0375
0 0.345138888888889 0.2875 0.034722222222222 0.05
0 0.132638888888889 0.3375 0.226388888888889 0.2375
0 0.745833333333333 0.235416666666667 0.033333333333333 0.0375
0 0.609027777777778 0.229166666666667 0.0375 0.0625
0 0.738194444444444 0.180208333333333 0.026388888888889 0.035416666666667
0 0.591666666666667 0.155208333333333 0.058333333333333 0.052083333333333
0 0.414583333333333 0.198958333333333 0.118055555555556 0.139583333333333