0 0.864583333333333 0.972916666666667 0.056944444444445 0.054166666666667
0 0.779861111111111 0.96875 0.093055555555556 0.0625
0 0.456944444444444 0.965625 0.277777777777778 0.06875
0 0.673611111111111 0.936458333333333 0.091666666666667 0.077083333333333
0 0.654861111111111 0.861458333333333 0.043055555555556 0.052083333333333
0 0.16875 0.896875 0.206944444444444 0.152083333333333
0 0.672916666666667 0.792708333333333 0.045833333333333 0.060416666666667
0 0.466666666666667 0.842708333333333 0.122222222222222 0.160416666666667
0 0.099305555555556 0.777083333333333 0.090277777777778 0.0625
0 0.393055555555556 0.74375 0.066666666666667 0.045833333333333
0 0.229861111111111 0.70625 0.045833333333333 0.041666666666667
0 0.144444444444444 0.679166666666667 0.025 0.033333333333333
0 0.578472222222222 0.672916666666667 0.048611111111111 0.05
0 0.700694444444444 0.6375 0.034722222222222 0.045833333333333
0 0.497916666666667 0.61875 0.051388888888889 0.045833333333333
0 0.010416666666667 0.617708333333333 0.020833333333333 0.04375
0 0.872916666666667 0.592708333333333 0.104166666666667 0.064583333333333
0 0.660416666666667 0.455208333333333 0.243055555555556 0.210416666666667
0 0.186805555555556 0.448958333333333 0.331944444444444 0.360416666666667