0 0.797222222222222 0.94375 0.119444444444444 0.1125
0 0.988194444444444 0.913541666666667 0.023611111111111 0.060416666666667
0 0.484722222222222 0.877083333333333 0.091666666666667 0.125
0 0.973611111111111 0.819791666666667 0.030555555555556 0.04375
0 0.820833333333333 0.809375 0.058333333333333 0.064583333333333
0 0.101388888888889 0.794791666666667 0.175 0.147916666666667
0 0.84375 0.742708333333333 0.076388888888889 0.064583333333333
0 0.522916666666667 0.702083333333333 0.095833333333333 0.145833333333333
0 0.784722222222222 0.654166666666667 0.052777777777778 0.0625
0 0.050694444444445 0.660416666666667 0.090277777777778 0.091666666666667
0 0.2625 0.510416666666667 0.022222222222222 0.033333333333333
0 0.022916666666667 0.473958333333333 0.045833333333333 0.06875
0 0.678472222222222 0.453125 0.070833333333333 0.047916666666667
0 0.99375 0.434375 0.0125 0.039583333333333
0 0.19375 0.415625 0.029166666666667 0.035416666666667
0 0.253472222222222 0.294791666666667 0.029166666666667 0.035416666666667