0 0.988194444444444 0.984375 0.023611111111111 0.03125
0 0.15 0.954166666666667 0.197222222222222 0.091666666666667
0 0.011111111111111 0.94375 0.022222222222222 0.095833333333333
0 0.911111111111111 0.852083333333333 0.069444444444445 0.108333333333333
0 0.843055555555556 0.81875 0.061111111111111 0.0625
0 0.029166666666667 0.779166666666667 0.058333333333333 0.066666666666667
0 0.159722222222222 0.752083333333333 0.069444444444445 0.075
0 0.952083333333333 0.720833333333333 0.031944444444445 0.041666666666667
0 0.102777777777778 0.673958333333333 0.038888888888889 0.047916666666667
0 0.861805555555556 0.654166666666667 0.048611111111111 0.05
0 0.205555555555556 0.623958333333333 0.044444444444445 0.04375
0 0.323611111111111 0.617708333333333 0.05 0.052083333333333
0 0.172916666666667 0.582291666666667 0.026388888888889 0.035416666666667
0 0.348611111111111 0.565625 0.030555555555556 0.035416666666667
0 0.034722222222222 0.566666666666667 0.044444444444445 0.079166666666667
0 0.602083333333333 0.761458333333333 0.618055555555556 0.477083333333333
0 0.290277777777778 0.536458333333333 0.05 0.04375
0 0.869444444444444 0.516666666666667 0.027777777777778 0.0375
0 0.704166666666667 0.495833333333333 0.030555555555556 0.045833333333333
0 0.489583333333333 0.478125 0.029166666666667 0.04375
0 0.230555555555556 0.466666666666667 0.030555555555556 0.0375
0 0.389583333333333 0.49375 0.065277777777778 0.1
0 0.677083333333333 0.460416666666667 0.029166666666667 0.05
0 0.097916666666667 0.453125 0.093055555555556 0.127083333333333
0 0.26875 0.45 0.104166666666667 0.129166666666667
0 0.909027777777778 0.394791666666667 0.123611111111111 0.135416666666667
0 0.009027777777778 0.31875 0.018055555555556 0.0375
0 0.093055555555556 0.309375 0.097222222222222 0.064583333333333
0 0.253472222222222 0.304166666666667 0.048611111111111 0.0625
0 0.497916666666667 0.26875 0.026388888888889 0.033333333333333
0 0.352083333333333 0.271875 0.040277777777778 0.04375