0 0.542361111111111 0.916666666666667 0.140277777777778 0.166666666666667
0 0.253472222222222 0.857291666666667 0.184722222222222 0.18125
0 0.028472222222222 0.780208333333333 0.056944444444445 0.09375
0 0.790972222222222 0.775 0.109722222222222 0.179166666666667
0 0.406944444444444 0.651041666666667 0.072222222222222 0.10625
0 0.275 0.609375 0.055555555555556 0.102083333333333
0 0.458333333333333 0.533333333333333 0.072222222222222 0.0875
0 0.685416666666667 0.516666666666667 0.081944444444445 0.075
0 0.03125 0.486458333333333 0.0625 0.172916666666667
0 0.376388888888889 0.338541666666667 0.036111111111111 0.05625
0 0.936805555555556 0.353125 0.090277777777778 0.110416666666667
0 0.111805555555556 0.234375 0.054166666666667 0.05625