0 0.874305555555556 0.983333333333333 0.073611111111111 0.033333333333333
0 0.98125 0.903125 0.0375 0.139583333333333
0 0.819444444444444 0.891666666666667 0.097222222222222 0.125
0 0.272222222222222 0.858333333333333 0.161111111111111 0.125
0 0.936805555555556 0.811458333333333 0.034722222222222 0.04375
0 0.084027777777778 0.808333333333333 0.168055555555556 0.1875
0 0.304861111111111 0.655208333333333 0.029166666666667 0.039583333333333
0 0.401388888888889 0.620833333333333 0.086111111111111 0.079166666666667
0 0.609027777777778 0.591666666666667 0.079166666666667 0.070833333333333
0 0.238194444444444 0.583333333333333 0.059722222222222 0.070833333333333
0 0.169444444444444 0.563541666666667 0.063888888888889 0.05625
0 0.992361111111111 0.555208333333333 0.015277777777778 0.052083333333333
0 0.2875 0.503125 0.047222222222222 0.052083333333333
0 0.511805555555555 0.504166666666667 0.076388888888889 0.070833333333333
0 0.055555555555556 0.479166666666667 0.047222222222222 0.045833333333333
0 0.215972222222222 0.46875 0.043055555555556 0.041666666666667
0 0.120138888888889 0.440625 0.056944444444445 0.060416666666667
0 0.319444444444444 0.367708333333333 0.030555555555556 0.04375
0 0.045833333333333 0.35 0.038888888888889 0.041666666666667
0 0.263888888888889 0.277083333333333 0.022222222222222 0.0375
0 0.147916666666667 0.322916666666667 0.215277777777778 0.129166666666667
0 0.218055555555556 0.098958333333333 0.147222222222222 0.197916666666667