0 0.417361111111111 0.984375 0.034722222222222 0.03125
0 0.672916666666667 0.971875 0.068055555555556 0.05625
0 0.747916666666667 0.835416666666667 0.081944444444445 0.141666666666667
0 0.960416666666667 0.6 0.031944444444445 0.058333333333333
0 0.588888888888889 0.596875 0.052777777777778 0.060416666666667
0 0.603472222222222 0.511458333333333 0.051388888888889 0.064583333333333
0 0.022916666666667 0.447916666666667 0.029166666666667 0.033333333333333
0 0.286805555555556 0.425 0.034722222222222 0.045833333333333
0 0.139583333333333 0.402083333333333 0.051388888888889 0.05
0 0.550694444444444 0.367708333333333 0.040277777777778 0.047916666666667
0 0.515277777777778 0.270833333333333 0.030555555555556 0.041666666666667