0 0.657638888888889 0.976041666666667 0.065277777777778 0.047916666666667
0 0.0375 0.898958333333333 0.075 0.114583333333333
0 0.958333333333333 0.853125 0.05 0.060416666666667
0 0.555555555555556 0.838541666666667 0.055555555555556 0.052083333333333
0 0.154166666666667 0.878125 0.161111111111111 0.24375
0 0.390972222222222 0.780208333333333 0.059722222222222 0.052083333333333
0 0.631944444444444 0.755208333333333 0.05 0.039583333333333
0 0.221527777777778 0.761458333333333 0.090277777777778 0.064583333333333
0 0.722916666666667 0.760416666666667 0.054166666666667 0.066666666666667
0 0.708333333333333 0.641666666666667 0.041666666666667 0.05
0 0.416666666666667 0.63125 0.041666666666667 0.045833333333333
0 0.018055555555556 0.611458333333333 0.036111111111111 0.052083333333333
0 0.325 0.5875 0.05 0.05
0 0.148611111111111 0.544791666666667 0.041666666666667 0.047916666666667
0 0.061111111111111 0.514583333333333 0.025 0.033333333333333
0 0.970138888888889 0.534375 0.059722222222222 0.114583333333333
0 0.008333333333333 0.486458333333333 0.016666666666667 0.05625
0 0.843055555555556 0.480208333333333 0.066666666666667 0.085416666666667
0 0.730555555555555 0.434375 0.036111111111111 0.047916666666667
0 0.271527777777778 0.454166666666667 0.159722222222222 0.104166666666667
0 0.018055555555556 0.315625 0.036111111111111 0.06875