0 0.129861111111111 0.991666666666667 0.023611111111111 0.016666666666667
0 0.726388888888889 0.9625 0.113888888888889 0.075
0 0.068055555555556 0.939583333333333 0.038888888888889 0.070833333333333
0 0.127777777777778 0.907291666666667 0.030555555555556 0.04375
0 0.157638888888889 0.853125 0.043055555555556 0.060416666666667
0 0.061805555555556 0.784375 0.051388888888889 0.097916666666667
0 0.930555555555556 0.775 0.138888888888889 0.283333333333333
0 0.40625 0.715625 0.109722222222222 0.202083333333333
0 0.007638888888889 0.615625 0.015277777777778 0.039583333333333
0 0.122222222222222 0.470833333333333 0.022222222222222 0.033333333333333
0 0.50625 0.5 0.118055555555556 0.2
0 0.816666666666667 0.25625 0.091666666666667 0.079166666666667
0 0.392361111111111 0.232291666666667 0.0375 0.04375
0 0.629166666666667 0.260416666666667 0.197222222222222 0.141666666666667
0 0.929166666666667 0.227083333333333 0.097222222222222 0.104166666666667
0 0.557638888888889 0.192708333333333 0.026388888888889 0.035416666666667
0 0.992361111111111 0.183333333333333 0.015277777777778 0.05
0 0.7625 0.176041666666667 0.058333333333333 0.102083333333333
0 0.628472222222222 0.146875 0.059722222222222 0.077083333333333
0 0.067361111111111 0.1875 0.134722222222222 0.179166666666667
0 0.784722222222222 0.091666666666667 0.077777777777778 0.058333333333333
0 0.578472222222222 0.073958333333333 0.023611111111111 0.035416666666667
0 0.891666666666667 0.0125 0.047222222222222 0.025
0 0.695833333333333 0.017708333333333 0.025 0.035416666666667