0 0.834722222222222 0.976041666666667 0.058333333333333 0.047916666666667
0 0.715972222222222 0.975 0.0375 0.05
0 0.567361111111111 0.813541666666667 0.034722222222222 0.039583333333333
0 0.613194444444444 0.792708333333333 0.023611111111111 0.035416666666667
0 0.845833333333333 0.792708333333333 0.066666666666667 0.072916666666667
0 0.4375 0.772916666666667 0.033333333333333 0.041666666666667
0 0.968055555555556 0.769791666666667 0.063888888888889 0.08125
0 0.38125 0.797916666666667 0.095833333333333 0.166666666666667
0 0.397222222222222 0.697916666666667 0.025 0.0375
0 0.309027777777778 0.683333333333333 0.031944444444445 0.045833333333333
0 0.796527777777778 0.672916666666667 0.031944444444445 0.041666666666667
0 0.469444444444444 0.626041666666667 0.027777777777778 0.04375
0 0.382638888888889 0.621875 0.034722222222222 0.05625
0 0.188194444444444 0.50625 0.026388888888889 0.041666666666667
0 0.461805555555556 0.457291666666667 0.040277777777778 0.060416666666667
0 0.256944444444444 0.380208333333333 0.025 0.035416666666667
0 0.1 0.321875 0.047222222222222 0.06875