0 0.190972222222222 0.990625 0.026388888888889 0.01875
0 0.455555555555556 0.979166666666667 0.066666666666667 0.041666666666667
0 0.067361111111111 0.939583333333333 0.023611111111111 0.033333333333333
0 0.550694444444444 0.940625 0.031944444444445 0.039583333333333
0 0.58125 0.91875 0.023611111111111 0.033333333333333
0 0.86875 0.933333333333333 0.168055555555556 0.1125
0 0.574305555555555 0.858333333333333 0.034722222222222 0.0375
0 0.117361111111111 0.785416666666667 0.026388888888889 0.05
0 0.668055555555555 0.764583333333333 0.027777777777778 0.041666666666667
0 0.922916666666667 0.741666666666667 0.029166666666667 0.0375
0 0.243055555555556 0.575 0.05 0.075
0 0.329166666666667 0.5625 0.041666666666667 0.0625
0 0.522222222222222 0.529166666666667 0.066666666666667 0.079166666666667
0 0.728472222222222 0.490625 0.056944444444445 0.06875