0 0.720138888888889 0.988541666666667 0.0625 0.022916666666667
0 0.343055555555556 0.945833333333333 0.141666666666667 0.108333333333333
0 0.945833333333333 0.921875 0.041666666666667 0.064583333333333
0 0.10625 0.941666666666667 0.073611111111111 0.116666666666667
0 0.540972222222222 0.932291666666667 0.2375 0.135416666666667
0 0.924305555555556 0.852083333333333 0.048611111111111 0.045833333333333
0 0.271527777777778 0.823958333333333 0.073611111111111 0.08125
0 0.871527777777778 0.807291666666667 0.0375 0.064583333333333
0 0.618055555555556 0.832291666666667 0.077777777777778 0.135416666666667
0 0.393055555555556 0.757291666666667 0.052777777777778 0.064583333333333
0 0.519444444444444 0.704166666666667 0.044444444444445 0.05
0 0.677777777777778 0.690625 0.036111111111111 0.052083333333333
0 0.349305555555556 0.6625 0.1625 0.108333333333333
0 0.567361111111111 0.597916666666667 0.034722222222222 0.0375
0 0.079861111111111 0.592708333333333 0.070833333333333 0.064583333333333
0 0.5125 0.5875 0.047222222222222 0.058333333333333
0 0.436805555555556 0.483333333333333 0.154166666666667 0.0875