0 0.095833333333333 0.984375 0.038888888888889 0.03125
0 0.220833333333333 0.927083333333333 0.055555555555556 0.0625
0 0.975694444444444 0.884375 0.048611111111111 0.08125
0 0.607638888888889 0.804166666666667 0.023611111111111 0.0375
0 0.674305555555556 0.813541666666667 0.070833333333333 0.060416666666667
0 0.148611111111111 0.810416666666667 0.086111111111111 0.066666666666667
0 0.975 0.794791666666667 0.05 0.06875
0 0.363194444444444 0.805208333333333 0.118055555555556 0.11875
0 0.581944444444444 0.753125 0.052777777777778 0.060416666666667
0 0.022222222222222 0.701041666666667 0.036111111111111 0.039583333333333
0 0.990277777777778 0.697916666666667 0.019444444444445 0.041666666666667
0 0.515277777777778 0.702083333333333 0.041666666666667 0.054166666666667
0 0.590277777777778 0.682291666666667 0.055555555555556 0.064583333333333
0 0.986805555555556 0.592708333333333 0.026388888888889 0.04375
0 0.109722222222222 0.582291666666667 0.027777777777778 0.04375
0 0.8 0.671875 0.288888888888889 0.339583333333333
0 0.702777777777778 0.508333333333333 0.022222222222222 0.033333333333333
0 0.096527777777778 0.434375 0.029166666666667 0.039583333333333
0 0.322916666666667 0.560416666666667 0.309722222222222 0.425
0 0.992361111111111 0.305208333333333 0.015277777777778 0.072916666666667
0 0.736111111111111 0.344791666666667 0.247222222222222 0.189583333333333