0 0.698611111111111 0.911458333333333 0.411111111111111 0.177083333333333
0 0.891666666666667 0.830208333333333 0.030555555555556 0.05625
0 0.339583333333333 0.817708333333333 0.073611111111111 0.089583333333333
0 0.454166666666667 0.747916666666667 0.080555555555556 0.091666666666667
0 0.65625 0.685416666666667 0.031944444444445 0.05
0 0.725694444444444 0.640625 0.029166666666667 0.039583333333333
0 0.785416666666667 0.625 0.029166666666667 0.0375
0 0.420833333333333 0.651041666666667 0.094444444444445 0.09375
0 0.659722222222222 0.547916666666667 0.05 0.1125
0 0.009722222222222 0.517708333333333 0.019444444444445 0.060416666666667
0 0.723611111111111 0.479166666666667 0.033333333333333 0.041666666666667
0 0.184027777777778 0.392708333333333 0.076388888888889 0.06875
0 0.33125 0.383333333333333 0.068055555555556 0.0625
0 0.428472222222222 0.360416666666667 0.043055555555556 0.041666666666667
0 0.027083333333333 0.248958333333333 0.031944444444445 0.04375
0 0.10625 0.236458333333333 0.029166666666667 0.035416666666667
0 0.043055555555556 0.166666666666667 0.022222222222222 0.033333333333333
0 0.35 0.026041666666667 0.058333333333333 0.052083333333333