0 0.863194444444444 0.969791666666667 0.093055555555556 0.060416666666667
0 0.178472222222222 0.964583333333333 0.1125 0.070833333333333
0 0.785416666666667 0.916666666666667 0.045833333333333 0.05
0 0.939583333333333 0.922916666666667 0.056944444444445 0.070833333333333
0 0.994444444444444 0.827083333333333 0.011111111111111 0.033333333333333
0 0.915972222222222 0.825 0.048611111111111 0.058333333333333
0 0.732638888888889 0.780208333333333 0.034722222222222 0.047916666666667
0 0.832638888888889 0.752083333333333 0.026388888888889 0.0375
0 0.323611111111111 0.740625 0.047222222222222 0.047916666666667
0 0.533333333333333 0.728125 0.083333333333333 0.060416666666667
0 0.434027777777778 0.686458333333333 0.0375 0.052083333333333
0 0.343055555555556 0.678125 0.069444444444445 0.052083333333333
0 0.661805555555556 0.675 0.0875 0.05
0 0.522916666666667 0.632291666666667 0.029166666666667 0.035416666666667
0 0.970138888888889 0.639583333333333 0.056944444444445 0.058333333333333
0 0.375694444444444 0.46875 0.031944444444445 0.045833333333333
0 0.763194444444444 0.478125 0.304166666666667 0.197916666666667
0 0.552083333333333 0.389583333333333 0.0625 0.066666666666667
0 0.24375 0.440625 0.4875 0.53125