0 0.4375 0.928125 0.108333333333333 0.122916666666667
0 0.594444444444444 0.930208333333333 0.2 0.139583333333333
0 0.0875 0.86875 0.163888888888889 0.225
0 0.847916666666667 0.836458333333333 0.123611111111111 0.172916666666667
0 0.352083333333333 0.746875 0.106944444444444 0.10625
0 0.204861111111111 0.717708333333333 0.126388888888889 0.102083333333333
0 0.945138888888889 0.702083333333333 0.093055555555556 0.145833333333333
0 0.671527777777778 0.632291666666667 0.040277777777778 0.060416666666667
0 0.036111111111111 0.584375 0.027777777777778 0.039583333333333
0 0.834722222222222 0.478125 0.077777777777778 0.097916666666667
0 0.94375 0.41875 0.056944444444445 0.066666666666667
0 0.722916666666667 0.407291666666667 0.0625 0.060416666666667
0 0.647916666666667 0.447916666666667 0.104166666666667 0.154166666666667
0 0.067361111111111 0.415625 0.048611111111111 0.114583333333333
0 0.780555555555556 0.390625 0.055555555555556 0.06875
0 0.433333333333333 0.48125 0.130555555555556 0.25
0 0.355555555555556 0.341666666666667 0.119444444444444 0.070833333333333
0 0.144444444444444 0.308333333333333 0.030555555555556 0.05
0 0.607638888888889 0.307291666666667 0.081944444444445 0.10625
0 0.825694444444444 0.246875 0.026388888888889 0.035416666666667
0 0.273611111111111 0.239583333333333 0.022222222222222 0.033333333333333
0 0.490972222222222 0.253125 0.059722222222222 0.064583333333333
0 0.746527777777778 0.260416666666667 0.093055555555556 0.104166666666667
0 0.077777777777778 0.217708333333333 0.022222222222222 0.035416666666667
0 0.244444444444444 0.214583333333333 0.022222222222222 0.033333333333333
0 0.561111111111111 0.15625 0.022222222222222 0.033333333333333
0 0.440277777777778 0.128125 0.025 0.035416666666667
0 0.988194444444444 0.017708333333333 0.023611111111111 0.035416666666667
0 0.652777777777778 0.094791666666667 0.591666666666667 0.189583333333333