0 0.581944444444444 0.971875 0.161111111111111 0.05625
0 0.9625 0.967708333333333 0.075 0.064583333333333
0 0.008333333333333 0.772916666666667 0.016666666666667 0.045833333333333
0 0.240277777777778 0.690625 0.111111111111111 0.13125
0 0.080555555555556 0.578125 0.044444444444445 0.060416666666667
0 0.363194444444444 0.490625 0.154166666666667 0.09375
0 0.576388888888889 0.459375 0.055555555555556 0.047916666666667
0 0.933333333333333 0.388541666666667 0.033333333333333 0.039583333333333
0 0.578472222222222 0.378125 0.031944444444445 0.039583333333333
0 0.415277777777778 0.388541666666667 0.080555555555556 0.102083333333333
0 0.748611111111111 0.338541666666667 0.030555555555556 0.04375
0 0.947916666666667 0.202083333333333 0.104166666666667 0.0875
0 0.870833333333333 0.089583333333333 0.044444444444445 0.05