0 0.132638888888889 0.903125 0.031944444444445 0.039583333333333
0 0.611111111111111 0.923958333333333 0.116666666666667 0.152083333333333
0 0.427777777777778 0.904166666666667 0.15 0.145833333333333
0 0.193055555555556 0.804166666666667 0.027777777777778 0.041666666666667
0 0.813888888888889 0.764583333333333 0.058333333333333 0.045833333333333
0 0.963888888888889 0.808333333333333 0.072222222222222 0.141666666666667
0 0.088194444444445 0.745833333333333 0.0375 0.058333333333333
0 0.058333333333333 0.710416666666667 0.038888888888889 0.058333333333333
0 0.323611111111111 0.797916666666667 0.133333333333333 0.2375
0 0.098611111111111 0.68125 0.025 0.0375
0 0.14375 0.666666666666667 0.043055555555556 0.041666666666667
0 0.891666666666667 0.669791666666667 0.086111111111111 0.089583333333333
0 0.518055555555556 0.690625 0.119444444444444 0.15625
0 0.084722222222222 0.628125 0.025 0.04375
0 0.658333333333333 0.620833333333333 0.122222222222222 0.083333333333333
0 0.470833333333333 0.580208333333333 0.063888888888889 0.06875
0 0.833333333333333 0.560416666666667 0.063888888888889 0.054166666666667
0 0.577777777777778 0.547916666666667 0.041666666666667 0.045833333333333
0 0.016666666666667 0.546875 0.033333333333333 0.05625
0 0.375694444444444 0.508333333333333 0.034722222222222 0.041666666666667
0 0.727083333333333 0.503125 0.034722222222222 0.035416666666667
0 0.771527777777778 0.523958333333333 0.0875 0.11875
0 0.804861111111111 0.434375 0.054166666666667 0.052083333333333
0 0.015277777777778 0.436458333333333 0.030555555555556 0.064583333333333
0 0.672222222222222 0.389583333333333 0.027777777777778 0.041666666666667
0 0.295138888888889 0.379166666666667 0.068055555555556 0.091666666666667
0 0.641666666666667 0.334375 0.036111111111111 0.047916666666667
0 0.46875 0.276041666666667 0.051388888888889 0.08125
0 0.677777777777778 0.194791666666667 0.036111111111111 0.04375
0 0.972916666666667 0.15 0.054166666666667 0.233333333333333