0 0.469444444444444 0.916666666666667 0.116666666666667 0.133333333333333
0 0.820138888888889 0.877083333333333 0.129166666666667 0.170833333333333
0 0.986805555555556 0.696875 0.026388888888889 0.047916666666667
0 0.815972222222222 0.638541666666667 0.059722222222222 0.072916666666667
0 0.061805555555556 0.680208333333333 0.123611111111111 0.15625
0 0.699305555555555 0.619791666666667 0.045833333333333 0.08125
0 0.894444444444444 0.578125 0.058333333333333 0.064583333333333
0 0.553472222222222 0.544791666666667 0.0375 0.05625
0 0.709027777777778 0.476041666666667 0.0375 0.047916666666667
0 0.660416666666667 0.46875 0.029166666666667 0.045833333333333
0 0.377083333333333 0.438541666666667 0.0625 0.064583333333333
0 0.092361111111111 0.357291666666667 0.040277777777778 0.047916666666667
0 0.179861111111111 0.13125 0.359722222222222 0.220833333333333
0 0.508333333333333 0.029166666666667 0.105555555555556 0.058333333333333
0 0.316666666666667 0.027083333333333 0.075 0.054166666666667