0 0.377083333333333 0.988541666666667 0.059722222222222 0.022916666666667
0 0.038194444444445 0.982291666666667 0.065277777777778 0.035416666666667
0 0.498611111111111 0.973958333333333 0.083333333333333 0.052083333333333
0 0.984027777777778 0.95625 0.031944444444445 0.0625
0 0.839583333333333 0.958333333333333 0.115277777777778 0.083333333333333
0 0.063194444444445 0.907291666666667 0.054166666666667 0.060416666666667
0 0.992361111111111 0.863541666666667 0.015277777777778 0.039583333333333
0 0.498611111111111 0.826041666666667 0.047222222222222 0.04375
0 0.94375 0.805208333333333 0.0625 0.052083333333333
0 0.865277777777778 0.746875 0.047222222222222 0.047916666666667
0 0.389583333333333 0.7125 0.031944444444445 0.0375
0 0.251388888888889 0.658333333333333 0.036111111111111 0.0375
0 0.738194444444444 0.490625 0.034722222222222 0.060416666666667
0 0.952083333333333 0.470833333333333 0.029166666666667 0.045833333333333
0 0.646527777777778 0.470833333333333 0.040277777777778 0.058333333333333