0 0.835416666666667 0.9625 0.065277777777778 0.075
0 0.779861111111111 0.820833333333333 0.045833333333333 0.091666666666667
0 0.227777777777778 0.7 0.102777777777778 0.175
0 0.924305555555556 0.580208333333333 0.098611111111111 0.11875
0 0.286805555555556 0.553125 0.120833333333333 0.097916666666667
0 0.441666666666667 0.453125 0.077777777777778 0.097916666666667
0 0.728472222222222 0.405208333333333 0.054166666666667 0.060416666666667
0 0.142361111111111 0.38125 0.051388888888889 0.041666666666667
0 0.495138888888889 0.286458333333333 0.070833333333333 0.064583333333333
0 0.761111111111111 0.269791666666667 0.063888888888889 0.060416666666667
0 0.664583333333333 0.24375 0.023611111111111 0.033333333333333
0 0.051388888888889 0.166666666666667 0.063888888888889 0.116666666666667
0 0.131944444444444 0.105208333333333 0.075 0.060416666666667
0 0.232638888888889 0.010416666666667 0.023611111111111 0.020833333333333