0 0.879861111111111 0.971875 0.076388888888889 0.05625
0 0.571527777777778 0.964583333333333 0.056944444444445 0.070833333333333
0 0.965277777777778 0.934375 0.025 0.035416666666667
0 0.265972222222222 0.954166666666667 0.093055555555556 0.091666666666667
0 0.803472222222222 0.869791666666667 0.068055555555556 0.072916666666667
0 0.125 0.782291666666667 0.25 0.172916666666667
0 0.754861111111111 0.696875 0.0375 0.05625
0 0.985416666666667 0.677083333333333 0.029166666666667 0.045833333333333
0 0.693055555555556 0.698958333333333 0.077777777777778 0.122916666666667
0 0.522916666666667 0.613541666666667 0.048611111111111 0.05625
0 0.143055555555556 0.630208333333333 0.086111111111111 0.114583333333333
0 0.70625 0.520833333333333 0.031944444444445 0.041666666666667
0 0.606944444444444 0.519791666666667 0.030555555555556 0.039583333333333
0 0.954861111111111 0.554166666666667 0.090277777777778 0.125
0 0.203472222222222 0.492708333333333 0.059722222222222 0.064583333333333
0 0.454861111111111 0.459375 0.045833333333333 0.047916666666667
0 0.636111111111111 0.422916666666667 0.036111111111111 0.045833333333333
0 0.568055555555556 0.410416666666667 0.022222222222222 0.033333333333333
0 0.284027777777778 0.423958333333333 0.081944444444445 0.077083333333333
0 0.361805555555556 0.3 0.043055555555556 0.041666666666667
0 0.18125 0.272916666666667 0.023611111111111 0.033333333333333
0 0.029861111111111 0.2625 0.031944444444445 0.045833333333333
0 0.413194444444444 0.198958333333333 0.090277777777778 0.052083333333333