0 0.831944444444444 0.985416666666667 0.063888888888889 0.029166666666667
0 0.14375 0.96875 0.084722222222222 0.0625
0 0.0625 0.842708333333333 0.069444444444445 0.097916666666667
0 0.508333333333333 0.771875 0.138888888888889 0.097916666666667
0 0.090972222222222 0.7375 0.054166666666667 0.041666666666667
0 0.375694444444444 0.702083333333333 0.029166666666667 0.041666666666667
0 0.673611111111111 0.71875 0.069444444444445 0.083333333333333
0 0.504166666666667 0.657291666666667 0.036111111111111 0.047916666666667
0 0.9 0.638541666666667 0.033333333333333 0.039583333333333
0 0.154861111111111 0.638541666666667 0.031944444444445 0.039583333333333
0 0.015972222222222 0.644791666666667 0.031944444444445 0.052083333333333
0 0.25 0.594791666666667 0.063888888888889 0.060416666666667
0 0.022222222222222 0.372916666666667 0.044444444444445 0.045833333333333