0 0.24375 0.985416666666667 0.031944444444445 0.029166666666667
0 0.727777777777778 0.897916666666667 0.063888888888889 0.0875
0 0.061111111111111 0.883333333333333 0.033333333333333 0.070833333333333
0 0.495833333333333 0.786458333333333 0.088888888888889 0.08125
0 0.15 0.776041666666667 0.05 0.06875
0 0.782638888888889 0.777083333333333 0.123611111111111 0.15
0 0.189583333333333 0.719791666666667 0.068055555555556 0.09375
0 0.977777777777778 0.659375 0.044444444444445 0.052083333333333
0 0.586805555555556 0.658333333333333 0.0625 0.054166666666667
0 0.28125 0.645833333333333 0.059722222222222 0.083333333333333
0 0.139583333333333 0.623958333333333 0.051388888888889 0.047916666666667
0 0.192361111111111 0.561458333333333 0.026388888888889 0.035416666666667
0 0.510416666666667 0.555208333333333 0.034722222222222 0.052083333333333
0 0.317361111111111 0.548958333333333 0.056944444444445 0.047916666666667
0 0.15 0.552083333333333 0.05 0.054166666666667
0 0.438888888888889 0.544791666666667 0.044444444444445 0.047916666666667
0 0.531944444444444 0.503125 0.038888888888889 0.035416666666667
0 0.724305555555556 0.496875 0.031944444444445 0.035416666666667