0 0.329166666666667 0.882291666666667 0.127777777777778 0.13125
0 0.600694444444444 0.701041666666667 0.095833333333333 0.102083333333333
0 0.445138888888889 0.6875 0.059722222222222 0.0875
0 0.740972222222222 0.545833333333333 0.029166666666667 0.0375
0 0.159027777777778 0.546875 0.081944444444445 0.06875
0 0.28125 0.336458333333333 0.045833333333333 0.047916666666667
0 0.986805555555556 0.327083333333333 0.026388888888889 0.045833333333333
0 0.451388888888889 0.353125 0.208333333333333 0.11875
0 0.921527777777778 0.271875 0.0375 0.052083333333333
0 0.811805555555556 0.221875 0.029166666666667 0.04375
0 0.620833333333333 0.153125 0.036111111111111 0.039583333333333
0 0.567361111111111 0.121875 0.045833333333333 0.04375
0 0.367361111111111 0.1375 0.1625 0.129166666666667