0 0.06875 0.920833333333333 0.1375 0.158333333333333
0 0.351388888888889 0.839583333333333 0.047222222222222 0.066666666666667
0 0.836805555555556 0.829166666666667 0.184722222222222 0.125
0 0.188194444444444 0.786458333333333 0.101388888888889 0.077083333333333
0 0.908333333333333 0.735416666666667 0.058333333333333 0.070833333333333
0 0.176388888888889 0.654166666666667 0.058333333333333 0.058333333333333
0 0.011111111111111 0.628125 0.022222222222222 0.072916666666667
0 0.068055555555556 0.608333333333333 0.027777777777778 0.0375
0 0.548611111111111 0.56875 0.025 0.0375
0 0.896527777777778 0.554166666666667 0.040277777777778 0.058333333333333
0 0.157638888888889 0.516666666666667 0.023611111111111 0.033333333333333
0 0.717361111111111 0.30625 0.093055555555556 0.079166666666667
0 0.060416666666667 0.28125 0.034722222222222 0.05
0 0.600694444444444 0.280208333333333 0.134722222222222 0.085416666666667
0 0.388194444444444 0.259375 0.048611111111111 0.06875
0 0.279166666666667 0.2625 0.133333333333333 0.116666666666667