0 0.577777777777778 0.646875 0.030555555555556 0.035416666666667
0 0.313888888888889 0.580208333333333 0.055555555555556 0.085416666666667
0 0.167361111111111 0.547916666666667 0.095833333333333 0.104166666666667
0 0.097222222222222 0.466666666666667 0.036111111111111 0.045833333333333
0 0.422916666666667 0.444791666666667 0.051388888888889 0.047916666666667
0 0.217361111111111 0.385416666666667 0.034722222222222 0.0375
0 0.350694444444444 0.36875 0.040277777777778 0.045833333333333
0 0.3 0.360416666666667 0.058333333333333 0.058333333333333
0 0.013888888888889 0.341666666666667 0.027777777777778 0.054166666666667
0 0.089583333333333 0.322916666666667 0.023611111111111 0.033333333333333
0 0.386111111111111 0.284375 0.111111111111111 0.08125