0 0.007638888888889 0.990625 0.015277777777778 0.01875
0 0.75625 0.959375 0.093055555555556 0.08125
0 0.458333333333333 0.939583333333333 0.055555555555556 0.075
0 0.353472222222222 0.919791666666667 0.045833333333333 0.05625
0 0.086805555555556 0.909375 0.054166666666667 0.064583333333333
0 0.175694444444444 0.873958333333333 0.045833333333333 0.047916666666667
0 0.080555555555556 0.858333333333333 0.047222222222222 0.054166666666667
0 0.334027777777778 0.835416666666667 0.040277777777778 0.05
0 0.066666666666667 0.814583333333333 0.022222222222222 0.033333333333333
0 0.26875 0.761458333333333 0.031944444444445 0.039583333333333
0 0.298611111111111 0.745833333333333 0.025 0.0375
0 0.6375 0.739583333333333 0.05 0.054166666666667
0 0.850694444444444 0.696875 0.090277777777778 0.05625
0 0.436111111111111 0.695833333333333 0.055555555555556 0.1
0 0.552777777777778 0.664583333333333 0.063888888888889 0.058333333333333
0 0.664583333333333 0.655208333333333 0.045833333333333 0.04375
0 0.745833333333333 0.648958333333333 0.025 0.035416666666667
0 0.9 0.619791666666667 0.041666666666667 0.035416666666667
0 0.847916666666667 0.626041666666667 0.051388888888889 0.052083333333333
0 0.014583333333333 0.629166666666667 0.029166666666667 0.091666666666667
0 0.829861111111111 0.578125 0.0375 0.035416666666667
0 0.202083333333333 0.575 0.048611111111111 0.045833333333333
0 0.863888888888889 0.385416666666667 0.055555555555556 0.0875
0 0.7 0.404166666666667 0.141666666666667 0.245833333333333