0 0.102777777777778 0.944791666666667 0.122222222222222 0.110416666666667
0 0.984027777777778 0.859375 0.031944444444445 0.052083333333333
0 0.594444444444444 0.898958333333333 0.088888888888889 0.147916666666667
0 0.808333333333333 0.786458333333333 0.152777777777778 0.09375
0 0.331944444444444 0.823958333333333 0.147222222222222 0.352083333333333
0 0.827777777777778 0.680208333333333 0.094444444444445 0.11875
0 0.031944444444445 0.641666666666667 0.036111111111111 0.045833333333333
0 0.584722222222222 0.6375 0.063888888888889 0.079166666666667
0 0.924305555555556 0.592708333333333 0.023611111111111 0.035416666666667
0 0.838888888888889 0.584375 0.025 0.035416666666667
0 0.6625 0.578125 0.036111111111111 0.039583333333333
0 0.700694444444444 0.539583333333333 0.023611111111111 0.033333333333333
0 0.299305555555556 0.547916666666667 0.076388888888889 0.070833333333333
0 0.591666666666667 0.539583333333333 0.041666666666667 0.066666666666667
0 0.44375 0.541666666666667 0.084722222222222 0.083333333333333
0 0.106944444444444 0.517708333333333 0.080555555555556 0.060416666666667
0 0.025 0.509375 0.041666666666667 0.047916666666667
0 0.686111111111111 0.489583333333333 0.102777777777778 0.058333333333333
0 0.180555555555556 0.48125 0.063888888888889 0.054166666666667
0 0.465277777777778 0.472916666666667 0.052777777777778 0.041666666666667
0 0.340277777777778 0.459375 0.058333333333333 0.064583333333333
0 0.659722222222222 0.442708333333333 0.027777777777778 0.039583333333333
0 0.402083333333333 0.422916666666667 0.045833333333333 0.041666666666667
0 0.289583333333333 0.388541666666667 0.034722222222222 0.04375
0 0.826388888888889 0.35 0.027777777777778 0.0375
0 0.872222222222222 0.35625 0.055555555555556 0.066666666666667
0 0.801388888888889 0.30625 0.027777777777778 0.045833333333333
0 0.498611111111111 0.296875 0.022222222222222 0.035416666666667
0 0.289583333333333 0.276041666666667 0.140277777777778 0.064583333333333
0 0.341666666666667 0.197916666666667 0.041666666666667 0.041666666666667
0 0.0875 0.241666666666667 0.175 0.408333333333333