0 0.99375 0.988541666666667 0.0125 0.022916666666667
0 0.102777777777778 0.952083333333333 0.152777777777778 0.095833333333333
0 0.666666666666667 0.9375 0.147222222222222 0.125
0 0.211805555555556 0.875 0.134722222222222 0.191666666666667
0 0.922222222222222 0.789583333333333 0.069444444444445 0.083333333333333
0 0.840972222222222 0.75625 0.0625 0.083333333333333
0 0.939583333333333 0.723958333333333 0.045833333333333 0.047916666666667
0 0.684027777777778 0.729166666666667 0.076388888888889 0.091666666666667
0 0.990277777777778 0.685416666666667 0.019444444444445 0.0375
0 0.849305555555556 0.678125 0.0375 0.04375
0 0.8 0.627083333333333 0.058333333333333 0.058333333333333
0 0.379861111111111 0.658333333333333 0.126388888888889 0.233333333333333
0 0.847222222222222 0.575 0.083333333333333 0.070833333333333
0 0.226388888888889 0.570833333333333 0.141666666666667 0.129166666666667
0 0.795138888888889 0.484375 0.031944444444445 0.039583333333333
0 0.522222222222222 0.480208333333333 0.044444444444445 0.047916666666667
0 0.66875 0.451041666666667 0.051388888888889 0.04375
0 0.886805555555556 0.458333333333333 0.226388888888889 0.15
0 0.383333333333333 0.371875 0.083333333333333 0.05625
0 0.497222222222222 0.3375 0.022222222222222 0.033333333333333
0 0.211111111111111 0.283333333333333 0.038888888888889 0.0375
0 0.067361111111111 0.321875 0.098611111111111 0.13125