0 0.054166666666667 0.902083333333333 0.086111111111111 0.091666666666667
0 0.815277777777778 0.870833333333333 0.111111111111111 0.158333333333333
0 0.970833333333333 0.872916666666667 0.058333333333333 0.179166666666667
0 0.623611111111111 0.720833333333333 0.044444444444445 0.041666666666667
0 0.032638888888889 0.739583333333333 0.065277777777778 0.091666666666667
0 0.335416666666667 0.760416666666667 0.120833333333333 0.141666666666667
0 0.161111111111111 0.622916666666667 0.027777777777778 0.0375
0 0.552777777777778 0.613541666666667 0.025 0.039583333333333
0 0.645833333333333 0.604166666666667 0.058333333333333 0.0625
0 0.911111111111111 0.582291666666667 0.1 0.077083333333333
0 0.488194444444444 0.55625 0.056944444444445 0.0625
0 0.678472222222222 0.54375 0.0375 0.05
0 0.136111111111111 0.536458333333333 0.036111111111111 0.047916666666667
0 0.243055555555556 0.554166666666667 0.091666666666667 0.095833333333333
0 0.313888888888889 0.498958333333333 0.058333333333333 0.064583333333333
0 0.204166666666667 0.479166666666667 0.055555555555556 0.0625
0 0.020138888888889 0.533333333333333 0.040277777777778 0.179166666666667
0 0.259722222222222 0.403125 0.025 0.035416666666667
0 0.48125 0.402083333333333 0.043055555555556 0.041666666666667
0 0.583333333333333 0.359375 0.036111111111111 0.035416666666667
0 0.984027777777778 0.170833333333333 0.031944444444445 0.041666666666667
0 0.504861111111111 0.139583333333333 0.054166666666667 0.054166666666667
0 0.815972222222222 0.26875 0.368055555555556 0.495833333333333