0 0.050694444444445 0.83125 0.101388888888889 0.204166666666667
0 0.555555555555556 0.760416666666667 0.888888888888889 0.479166666666667
0 0.40625 0.4625 0.034722222222222 0.054166666666667
0 0.494444444444444 0.355208333333333 0.05 0.060416666666667
0 0.047222222222222 0.3375 0.022222222222222 0.033333333333333
0 0.161111111111111 0.344791666666667 0.058333333333333 0.077083333333333
0 0.348611111111111 0.322916666666667 0.047222222222222 0.045833333333333
0 0.990972222222222 0.314583333333333 0.018055555555556 0.0375
0 0.242361111111111 0.322916666666667 0.056944444444445 0.054166666666667
0 0.839583333333333 0.304166666666667 0.040277777777778 0.054166666666667
0 0.579166666666667 0.297916666666667 0.083333333333333 0.075
0 0.022222222222222 0.290625 0.044444444444445 0.09375
0 0.646527777777778 0.258333333333333 0.034722222222222 0.0375
0 0.765277777777778 0.271875 0.055555555555556 0.06875
0 0.946527777777778 0.204166666666667 0.034722222222222 0.045833333333333
0 0.540972222222222 0.175 0.034722222222222 0.041666666666667
0 0.468055555555556 0.146875 0.041666666666667 0.039583333333333
0 0.828472222222222 0.134375 0.026388888888889 0.035416666666667
0 0.236111111111111 0.123958333333333 0.058333333333333 0.052083333333333