0 0.806944444444444 0.984375 0.080555555555556 0.03125
0 0.601388888888889 0.969791666666667 0.180555555555556 0.05625
0 0.922222222222222 0.960416666666667 0.108333333333333 0.079166666666667
0 0.406944444444444 0.947916666666667 0.144444444444444 0.104166666666667
0 0.888888888888889 0.905208333333333 0.072222222222222 0.04375
0 0.136805555555556 0.890625 0.031944444444445 0.039583333333333
0 0.715972222222222 0.851041666666667 0.056944444444445 0.039583333333333
0 0.479166666666667 0.85 0.077777777777778 0.0625
0 0.770833333333333 0.823958333333333 0.044444444444445 0.060416666666667
0 0.092361111111111 0.825 0.093055555555556 0.066666666666667
0 0.706944444444444 0.805208333333333 0.025 0.035416666666667
0 0.178472222222222 0.795833333333333 0.031944444444445 0.041666666666667
0 0.99375 0.704166666666667 0.0125 0.033333333333333
0 0.529166666666667 0.585416666666667 0.1 0.170833333333333
0 0.825 0.415625 0.036111111111111 0.035416666666667