0 0.074305555555556 0.93125 0.048611111111111 0.095833333333333
0 0.547916666666667 0.801041666666667 0.345833333333333 0.310416666666667
0 0.970833333333333 0.804166666666667 0.058333333333333 0.375
0 0.738888888888889 0.683333333333333 0.116666666666667 0.166666666666667
0 0.411111111111111 0.582291666666667 0.152777777777778 0.08125
0 0.609722222222222 0.497916666666667 0.038888888888889 0.041666666666667
0 0.431944444444444 0.480208333333333 0.05 0.077083333333333
0 0.420138888888889 0.421875 0.0375 0.052083333333333
0 0.557638888888889 0.369791666666667 0.0375 0.047916666666667
0 0.873611111111111 0.35625 0.05 0.041666666666667
0 0.18125 0.595833333333333 0.3625 0.533333333333333
0 0.629166666666667 0.326041666666667 0.033333333333333 0.04375
0 0.736805555555556 0.426041666666667 0.229166666666667 0.247916666666667
0 0.945833333333333 0.326041666666667 0.069444444444445 0.060416666666667
0 0.994444444444444 0.305208333333333 0.011111111111111 0.035416666666667
0 0.555555555555556 0.305208333333333 0.044444444444445 0.052083333333333
0 0.852777777777778 0.266666666666667 0.022222222222222 0.033333333333333
0 0.777083333333333 0.202083333333333 0.0375 0.041666666666667
0 0.397916666666667 0.180208333333333 0.098611111111111 0.139583333333333