0 0.023611111111111 0.978125 0.047222222222222 0.04375
0 0.993055555555556 0.965625 0.013888888888889 0.064583333333333
0 0.28125 0.960416666666667 0.095833333333333 0.079166666666667
0 0.488194444444444 0.953125 0.079166666666667 0.09375
0 0.881944444444444 0.939583333333333 0.183333333333333 0.120833333333333
0 0.982638888888889 0.88125 0.034722222222222 0.070833333333333
0 0.889583333333333 0.846875 0.056944444444445 0.060416666666667
0 0.210416666666667 0.767708333333333 0.043055555555556 0.047916666666667
0 0.029861111111111 0.766666666666667 0.059722222222222 0.075
0 0.365277777777778 0.820833333333333 0.186111111111111 0.1875
0 0.130555555555556 0.727083333333333 0.022222222222222 0.033333333333333
0 0.617361111111111 0.782291666666667 0.215277777777778 0.15625
0 0.938888888888889 0.711458333333333 0.041666666666667 0.060416666666667
0 0.009027777777778 0.695833333333333 0.018055555555556 0.05
0 0.229861111111111 0.68125 0.031944444444445 0.05
0 0.324305555555556 0.675 0.068055555555556 0.045833333333333
0 0.088194444444445 0.679166666666667 0.081944444444445 0.075
0 0.783333333333333 0.661458333333333 0.058333333333333 0.064583333333333
0 0.611111111111111 0.64375 0.063888888888889 0.05
0 0.234027777777778 0.636458333333333 0.026388888888889 0.035416666666667
0 0.852777777777778 0.65 0.077777777777778 0.075
0 0.986805555555556 0.657291666666667 0.026388888888889 0.09375
0 0.017361111111111 0.595833333333333 0.034722222222222 0.05
0 0.178472222222222 0.590625 0.056944444444445 0.047916666666667
0 0.981944444444444 0.58125 0.022222222222222 0.033333333333333
0 0.31875 0.584375 0.090277777777778 0.064583333333333
0 0.685416666666667 0.56875 0.031944444444445 0.0375
0 0.745833333333333 0.55625 0.027777777777778 0.0375
0 0.555555555555556 0.557291666666667 0.075 0.052083333333333
0 0.104861111111111 0.530208333333333 0.048611111111111 0.04375
0 0.663194444444444 0.5 0.026388888888889 0.0375
0 0.294444444444444 0.475 0.022222222222222 0.033333333333333
0 0.5125 0.457291666666667 0.036111111111111 0.04375
0 0.441666666666667 0.457291666666667 0.055555555555556 0.064583333333333
0 0.090972222222222 0.461458333333333 0.0625 0.10625
0 0.535416666666667 0.386458333333333 0.093055555555556 0.064583333333333
0 0.409027777777778 0.35 0.045833333333333 0.045833333333333
0 0.9 0.335416666666667 0.036111111111111 0.054166666666667
0 0.311805555555556 0.30625 0.043055555555556 0.058333333333333
0 0.731944444444444 0.289583333333333 0.269444444444444 0.225