0 0.591666666666667 0.980208333333333 0.041666666666667 0.039583333333333
0 0.475694444444444 0.972916666666667 0.104166666666667 0.054166666666667
0 0.186805555555556 0.953125 0.056944444444445 0.060416666666667
0 0.06875 0.951041666666667 0.059722222222222 0.05625
0 0.976388888888889 0.948958333333333 0.047222222222222 0.064583333333333
0 0.847222222222222 0.917708333333333 0.066666666666667 0.06875
0 0.945138888888889 0.865625 0.045833333333333 0.047916666666667
0 0.713888888888889 0.835416666666667 0.027777777777778 0.0375
0 0.519444444444444 0.802083333333333 0.027777777777778 0.0375
0 0.870138888888889 0.769791666666667 0.034722222222222 0.035416666666667
0 0.488194444444444 0.738541666666667 0.029166666666667 0.035416666666667
0 0.688194444444444 0.628125 0.093055555555556 0.10625
0 0.059027777777778 0.544791666666667 0.031944444444445 0.039583333333333
0 0.115277777777778 0.534375 0.025 0.035416666666667
0 0.015277777777778 0.536458333333333 0.030555555555556 0.039583333333333
0 0.150694444444444 0.516666666666667 0.0375 0.05
0 0.714583333333333 0.4875 0.043055555555556 0.0375
0 0.3125 0.527083333333333 0.144444444444444 0.141666666666667