0 0.233333333333333 0.989583333333333 0.027777777777778 0.020833333333333
0 0.021527777777778 0.969791666666667 0.043055555555556 0.060416666666667
0 0.265277777777778 0.945833333333333 0.05 0.066666666666667
0 0.538888888888889 0.9375 0.077777777777778 0.079166666666667
0 0.065277777777778 0.852083333333333 0.041666666666667 0.058333333333333
0 0.923611111111111 0.860416666666667 0.152777777777778 0.1625
0 0.290972222222222 0.7375 0.054166666666667 0.0625
0 0.534027777777778 0.754166666666667 0.218055555555556 0.141666666666667
0 0.173611111111111 0.694791666666667 0.047222222222222 0.06875
0 0.838888888888889 0.58125 0.066666666666667 0.058333333333333
0 0.604166666666667 0.561458333333333 0.033333333333333 0.047916666666667
0 0.946527777777778 0.475 0.095833333333333 0.0625
0 0.415972222222222 0.453125 0.048611111111111 0.064583333333333
0 0.758333333333333 0.371875 0.041666666666667 0.039583333333333
0 0.199305555555556 0.348958333333333 0.145833333333333 0.172916666666667
0 0.798611111111111 0.21875 0.069444444444445 0.041666666666667