0 0.395833333333333 0.905208333333333 0.022222222222222 0.035416666666667
0 0.691666666666667 0.865625 0.044444444444445 0.064583333333333
0 0.007638888888889 0.692708333333333 0.015277777777778 0.039583333333333
0 0.452083333333333 0.695833333333333 0.084722222222222 0.1
0 0.097916666666667 0.655208333333333 0.076388888888889 0.06875
0 0.2125 0.595833333333333 0.05 0.041666666666667
0 0.263888888888889 0.571875 0.047222222222222 0.04375
0 0.450694444444444 0.577083333333333 0.081944444444445 0.1
0 0.889583333333333 0.495833333333333 0.076388888888889 0.091666666666667
0 0.452083333333333 0.451041666666667 0.034722222222222 0.047916666666667
0 0.554861111111111 0.448958333333333 0.059722222222222 0.06875
0 0.804166666666667 0.438541666666667 0.077777777777778 0.052083333333333
0 0.338888888888889 0.408333333333333 0.022222222222222 0.033333333333333
0 0.972222222222222 0.366666666666667 0.055555555555556 0.05
0 0.6625 0.352083333333333 0.022222222222222 0.033333333333333
0 0.859722222222222 0.308333333333333 0.033333333333333 0.0375
0 0.075694444444445 0.194791666666667 0.048611111111111 0.052083333333333
0 0.259722222222222 0.10625 0.061111111111111 0.05
0 0.572916666666667 0.029166666666667 0.065277777777778 0.058333333333333