0 0.985416666666667 0.976041666666667 0.029166666666667 0.047916666666667
0 0.025 0.938541666666667 0.05 0.08125
0 0.161111111111111 0.942708333333333 0.088888888888889 0.102083333333333
0 0.9375 0.813541666666667 0.086111111111111 0.077083333333333
0 0.680555555555556 0.767708333333333 0.141666666666667 0.10625
0 0.030555555555556 0.682291666666667 0.058333333333333 0.08125
0 0.80625 0.667708333333333 0.054166666666667 0.05625
0 0.514583333333333 0.672916666666667 0.0625 0.070833333333333
0 0.681944444444444 0.580208333333333 0.030555555555556 0.039583333333333
0 0.829166666666667 0.489583333333333 0.025 0.033333333333333
0 0.707638888888889 0.480208333333333 0.168055555555556 0.114583333333333