0 0.977777777777778 0.948958333333333 0.044444444444445 0.077083333333333
0 0.988194444444444 0.838541666666667 0.023611111111111 0.05625
0 0.886805555555556 0.745833333333333 0.023611111111111 0.0375
0 0.899305555555556 0.679166666666667 0.029166666666667 0.0375
0 0.032638888888889 0.569791666666667 0.031944444444445 0.035416666666667
0 0.986805555555556 0.565625 0.026388888888889 0.060416666666667
0 0.943055555555556 0.511458333333333 0.027777777777778 0.039583333333333
0 0.149305555555556 0.45 0.034722222222222 0.041666666666667
0 0.383333333333333 0.403125 0.041666666666667 0.04375
0 0.803472222222222 0.38125 0.106944444444444 0.1125
0 0.623611111111111 0.278125 0.191666666666667 0.13125
0 0.458333333333333 0.208333333333333 0.022222222222222 0.033333333333333
0 0.502083333333333 0.209375 0.031944444444445 0.04375
0 0.38125 0.140625 0.029166666666667 0.04375
0 0.120138888888889 0.065625 0.0875 0.11875