0 0.975 0.927083333333333 0.027777777777778 0.041666666666667
0 0.540972222222222 0.8875 0.065277777777778 0.0875
0 0.772222222222222 0.819791666666667 0.025 0.035416666666667
0 0.646527777777778 0.840625 0.070833333333333 0.11875
0 0.180555555555556 0.76875 0.108333333333333 0.104166666666667
0 0.108333333333333 0.710416666666667 0.036111111111111 0.045833333333333
0 0.044444444444445 0.736458333333333 0.088888888888889 0.097916666666667
0 0.340972222222222 0.645833333333333 0.134722222222222 0.0875
0 0.427083333333333 0.583333333333333 0.0625 0.054166666666667
0 0.365277777777778 0.476041666666667 0.025 0.035416666666667
0 0.050694444444445 0.444791666666667 0.045833333333333 0.047916666666667
0 0.574305555555555 0.403125 0.023611111111111 0.035416666666667
0 0.500694444444444 0.397916666666667 0.034722222222222 0.0375
0 0.4125 0.292708333333333 0.05 0.077083333333333
0 0.271527777777778 0.236458333333333 0.073611111111111 0.089583333333333
0 0.11875 0.142708333333333 0.023611111111111 0.035416666666667
0 0.056944444444445 0.126041666666667 0.036111111111111 0.039583333333333