0 0.16875 0.921875 0.093055555555556 0.08125
0 0.875694444444444 0.898958333333333 0.073611111111111 0.05625
0 0.863888888888889 0.842708333333333 0.066666666666667 0.047916666666667
0 0.4625 0.836458333333333 0.027777777777778 0.035416666666667
0 0.554166666666667 0.827083333333333 0.036111111111111 0.0375
0 0.220138888888889 0.826041666666667 0.0625 0.047916666666667
0 0.068055555555556 0.804166666666667 0.030555555555556 0.041666666666667
0 0.985416666666667 0.790625 0.029166666666667 0.052083333333333
0 0.970833333333333 0.530208333333333 0.055555555555556 0.05625
0 0.882638888888889 0.521875 0.029166666666667 0.047916666666667
0 0.686111111111111 0.515625 0.025 0.035416666666667
0 0.550694444444444 0.521875 0.134722222222222 0.05625
0 0.413194444444444 0.515625 0.109722222222222 0.09375
0 0.770833333333333 0.485416666666667 0.063888888888889 0.079166666666667