0 0.113194444444444 0.95 0.095833333333333 0.1
0 0.01875 0.8125 0.0375 0.058333333333333
0 0.988888888888889 0.805208333333333 0.022222222222222 0.052083333333333
0 0.352083333333333 0.873958333333333 0.159722222222222 0.19375
0 0.445138888888889 0.658333333333333 0.051388888888889 0.05
0 0.702083333333333 0.657291666666667 0.054166666666667 0.06875
0 0.284722222222222 0.621875 0.036111111111111 0.047916666666667
0 0.760416666666667 0.611458333333333 0.026388888888889 0.039583333333333
0 0.416666666666667 0.585416666666667 0.038888888888889 0.0625
0 0.634027777777778 0.539583333333333 0.0375 0.0375
0 0.534722222222222 0.532291666666667 0.052777777777778 0.047916666666667
0 0.424305555555556 0.497916666666667 0.031944444444445 0.0375
0 0.798611111111111 0.466666666666667 0.022222222222222 0.033333333333333
0 0.115277777777778 0.428125 0.1 0.09375
0 0.25625 0.346875 0.034722222222222 0.05625
0 0.90625 0.432291666666667 0.1875 0.55625